kind,server_epoch,ny_day,side,high,low,poc,vah,val,requested_entry,stop,target,lots,planned_cash_risk,cutoff_epoch
profile,1726752600,20240919,0,2594.987,2550.918,2558.492,2582.593,2551.836,0.0,0.0,0.0,0.0,0.0,1726774200
invalid_geometry,1726756500,20240919,1,2594.987,2550.918,2558.492,2582.593,2551.836,2583.651,2558.491,2594.987,0.0,0.0,1726774200
profile,1726839000,20240920,0,2619.307,2584.738,2592.12,2610.305,2585.098,0.0,0.0,0.0,0.0,0.0,1726860600
invalid_geometry,1726842000,20240920,1,2619.307,2584.738,2592.12,2610.305,2585.098,2611.627,2592.119,2619.307,0.0,0.0,1726860600
profile,1727098200,20240923,0,2631.419,2613.823,2619.963,2625.92,2615.289,0.0,0.0,0.0,0.0,0.0,1727119800
entry,1727098500,20240923,1,2631.419,2613.823,2619.963,2625.92,2615.289,2627.017,2619.962,2631.419,0.15,105.825,1727119800
profile,1727184600,20240924,0,2640.116,2622.548,2628.679,2631.698,2624.195,0.0,0.0,0.0,0.0,0.0,1727206200
entry,1727184900,20240924,1,2640.116,2622.548,2628.679,2631.698,2624.195,2634.282,2628.678,2640.116,0.18,100.87199999999999,1727206200
profile,1727271000,20240925,0,2670.653,2651.357,2658.291,2660.603,2654.372,0.0,0.0,0.0,0.0,0.0,1727292600
entry,1727271300,20240925,1,2670.653,2651.357,2658.291,2660.603,2654.372,2663.127,2658.29,2670.653,0.22,106.414,1727292600
profile,1727357400,20240926,0,2685.635,2655.305,2661.15,2672.366,2657.201,0.0,0.0,0.0,0.0,0.0,1727379000
entry,1727374500,20240926,1,2685.635,2655.305,2661.15,2672.366,2657.201,2673.303,2661.149,2685.635,0.09,109.38600000000001,1727379000
timed_exit,1727379000,20240926,0,2685.635,2655.305,2661.15,2672.366,2657.201,0.0,0.0,0.0,0.0,0.0,1727379000
profile,1727443800,20240927,0,2674.29,2658.308,2669.046,2673.458,2664.801,0.0,0.0,0.0,0.0,0.0,1727465400
entry,1727445900,20240927,-1,2674.29,2658.308,2669.046,2673.458,2664.801,2664.256,2669.047,2658.308,0.22,105.402,1727465400
profile,1727703000,20240930,0,2666.073,2634.469,2653.398,2664.427,2648.296,0.0,0.0,0.0,0.0,0.0,1727724600
invalid_geometry,1727703300,20240930,-1,2666.073,2634.469,2653.398,2664.427,2648.296,2639.117,2653.399,2634.469,0.0,0.0,1727724600
profile,1727789400,20241001,0,2656.702,2632.554,2644.754,2656.702,2639.849,0.0,0.0,0.0,0.0,0.0,1727811000
invalid_geometry,1727789700,20241001,1,2656.702,2632.554,2644.754,2656.702,2639.849,2663.389,2644.753,2656.702,0.0,0.0,1727811000
profile,1727875800,20241002,0,2662.919,2643.757,2654.236,2656.532,2647.35,0.0,0.0,0.0,0.0,0.0,1727897400
entry,1727876100,20241002,1,2662.919,2643.757,2654.236,2656.532,2647.35,2658.113,2654.235,2662.919,0.27,104.706,1727897400
profile,1727962200,20241003,0,2662.992,2640.985,2656.0,2662.992,2646.028,0.0,0.0,0.0,0.0,0.0,1727983800
invalid_geometry,1727964300,20241003,-1,2662.992,2640.985,2656.0,2662.992,2646.028,2644.732,2656.001,2640.985,0.0,0.0,1727983800
profile,1728048600,20241004,0,2667.888,2632.054,2661.356,2667.888,2648.478,0.0,0.0,0.0,0.0,0.0,1728070200
entry,1728059700,20241004,-1,2667.888,2632.054,2661.356,2667.888,2648.478,2644.466,2661.357,2632.054,0.07,118.23700000000001,1728070200
timed_exit,1728070200,20241004,0,2667.888,2632.054,2661.356,2667.888,2648.478,0.0,0.0,0.0,0.0,0.0,1728070200
profile,1728307800,20241007,0,2659.639,2637.752,2642.882,2652.115,2640.488,0.0,0.0,0.0,0.0,0.0,1728329400
entry,1728327300,20241007,-1,2659.639,2637.752,2642.882,2652.115,2640.488,2640.367,2642.883,2637.752,0.41,103.15599999999999,1728329400
profile,1728394200,20241008,0,2653.006,2628.511,2642.672,2645.351,2635.655,0.0,0.0,0.0,0.0,0.0,1728415800
entry,1728396900,20241008,-1,2653.006,2628.511,2642.672,2645.351,2635.655,2634.204,2642.673,2628.511,0.12,101.628,1728415800
profile,1728480600,20241009,0,2624.345,2609.163,2618.573,2621.657,2613.749,0.0,0.0,0.0,0.0,0.0,1728502200
invalid_geometry,1728480900,20241009,-1,2624.345,2609.163,2618.573,2621.657,2613.749,2610.843,2618.574,2609.163,0.0,0.0,1728502200
profile,1728567000,20241010,0,2627.801,2602.296,2614.384,2619.565,2608.938,0.0,0.0,0.0,0.0,0.0,1728588600
entry,1728568200,20241010,1,2627.801,2602.296,2614.384,2619.565,2608.938,2623.314,2614.383,2627.801,0.12,107.172,1728588600
profile,1728653400,20241011,0,2650.133,2628.095,2644.968,2646.69,2637.048,0.0,0.0,0.0,0.0,0.0,1728675000
invalid_geometry,1728653700,20241011,1,2650.133,2628.095,2644.968,2646.69,2637.048,2650.258,2644.967,2650.133,0.0,0.0,1728675000
profile,1728912600,20241014,0,2666.891,2643.099,2651.401,2658.96,2644.338,0.0,0.0,0.0,0.0,0.0,1728934200
entry,1728913500,20241014,1,2666.891,2643.099,2651.401,2658.96,2644.338,2659.193,2651.4,2666.891,0.13,101.309,1728934200
profile,1728999000,20241015,0,2657.467,2637.999,2649.051,2655.034,2647.125,0.0,0.0,0.0,0.0,0.0,1729020600
invalid_geometry,1729002000,20241015,1,2657.467,2637.999,2649.051,2655.034,2647.125,2657.016,2649.05,2657.467,0.0,0.0,1729020600
profile,1729085400,20241016,0,2684.438,2658.746,2667.176,2677.48,2658.746,0.0,0.0,0.0,0.0,0.0,1729107000
invalid_geometry,1729085700,20241016,1,2684.438,2658.746,2667.176,2677.48,2658.746,2684.034,2667.175,2684.438,0.0,0.0,1729107000
profile,1729171800,20241017,0,2688.882,2673.167,2681.925,2684.298,2677.587,0.0,0.0,0.0,0.0,0.0,1729193400
invalid_geometry,1729172700,20241017,1,2688.882,2673.167,2681.925,2684.298,2677.587,2686.595,2681.924,2688.882,0.0,0.0,1729193400
profile,1729258200,20241018,0,2717.099,2692.333,2709.231,2712.971,2705.232,0.0,0.0,0.0,0.0,0.0,1729279800
entry,1729259400,20241018,1,2717.099,2692.333,2709.231,2712.971,2705.232,2713.828,2709.23,2717.099,0.22,101.156,1729279800
profile,1729517400,20241021,0,2740.265,2720.222,2726.59,2732.958,2721.475,0.0,0.0,0.0,0.0,0.0,1729539000
invalid_geometry,1729517700,20241021,1,2740.265,2720.222,2726.59,2732.958,2721.475,2738.214,2726.589,2740.265,0.0,0.0,1729539000
profile,1729603800,20241022,0,2740.338,2718.779,2734.162,2738.541,2730.008,0.0,0.0,0.0,0.0,0.0,1729625400
invalid_geometry,1729604100,20241022,1,2740.338,2718.779,2734.162,2738.541,2730.008,2740.47,2734.161,2740.338,0.0,0.0,1729625400
profile,1729690200,20241023,0,2758.532,2731.62,2739.049,2751.243,2737.227,0.0,0.0,0.0,0.0,0.0,1729711800
invalid_geometry,1729690800,20241023,-1,2758.532,2731.62,2739.049,2751.243,2737.227,2732.232,2739.05,2731.62,0.0,0.0,1729711800
profile,1729776600,20241024,0,2742.715,2715.192,2737.411,2742.715,2723.793,0.0,0.0,0.0,0.0,0.0,1729798200
entry,1729780500,20241024,-1,2742.715,2715.192,2737.411,2742.715,2723.793,2723.461,2737.412,2715.192,0.08,111.60799999999999,1729798200
profile,1729863000,20241025,0,2736.112,2716.982,2727.842,2733.92,2723.956,0.0,0.0,0.0,0.0,0.0,1729884600
invalid_geometry,1729865400,20241025,1,2736.112,2716.982,2727.842,2733.92,2723.956,2733.987,2727.841,2736.112,0.0,0.0,1729884600
profile,1730122200,20241028,0,2744.539,2724.695,2734.1,2737.718,2729.449,0.0,0.0,0.0,0.0,0.0,1730143800
invalid_geometry,1730122500,20241028,1,2744.539,2724.695,2734.1,2737.718,2729.449,2741.125,2734.099,2744.539,0.0,0.0,1730143800
profile,1730208600,20241029,0,2757.774,2739.798,2752.063,2755.34,2749.161,0.0,0.0,0.0,0.0,0.0,1730230200
invalid_geometry,1730208900,20241029,1,2757.774,2739.798,2752.063,2755.34,2749.161,2756.731,2752.062,2757.774,0.0,0.0,1730230200
profile,1730295000,20241030,0,2789.845,2772.972,2778.157,2783.693,2777.366,0.0,0.0,0.0,0.0,0.0,1730316600
invalid_geometry,1730295300,20241030,-1,2789.845,2772.972,2778.157,2783.693,2777.366,2773.392,2778.158,2772.972,0.0,0.0,1730316600
profile,1730381400,20241031,0,2790.115,2765.616,2787.18,2789.094,2778.376,0.0,0.0,0.0,0.0,0.0,1730403000
invalid_geometry,1730381700,20241031,-1,2790.115,2765.616,2787.18,2789.094,2778.376,2765.311,2787.181,2765.616,0.0,0.0,1730403000
profile,1730467800,20241101,0,2762.274,2743.943,2752.44,2754.636,2746.234,0.0,0.0,0.0,0.0,0.0,1730489400
entry,1730468100,20241101,1,2762.274,2743.943,2752.44,2754.636,2746.234,2755.301,2752.439,2762.274,0.35,100.16999999999999,1730489400
profile,1730730600,20241104,0,2748.181,2731.843,2738.055,2742.905,2737.119,0.0,0.0,0.0,0.0,0.0,1730752200
invalid_geometry,1730731500,20241104,1,2748.181,2731.843,2738.055,2742.905,2737.119,2745.572,2738.054,2748.181,0.0,0.0,1730752200
profile,1730817000,20241105,0,2747.73,2724.718,2734.666,2741.977,2732.868,0.0,0.0,0.0,0.0,0.0,1730838600
invalid_geometry,1730817300,20241105,1,2747.73,2724.718,2734.666,2741.977,2732.868,2749.734,2734.665,2747.73,0.0,0.0,1730838600
profile,1730903400,20241106,0,2749.705,2657.044,2738.605,2749.705,2704.34,0.0,0.0,0.0,0.0,0.0,1730925000
invalid_geometry,1730903700,20241106,-1,2749.705,2657.044,2738.605,2749.705,2704.34,2653.459,2738.606,2657.044,0.0,0.0,1730925000
profile,1730989800,20241107,0,2691.036,2643.232,2662.901,2670.122,2651.697,0.0,0.0,0.0,0.0,0.0,1731011400
invalid_geometry,1730990100,20241107,1,2691.036,2643.232,2662.901,2670.122,2651.697,2690.512,2662.9,2691.036,0.0,0.0,1731011400
profile,1731076200,20241108,0,2710.442,2680.31,2688.942,2697.573,2682.507,0.0,0.0,0.0,0.0,0.0,1731097800
profile,1731335400,20241111,0,2686.165,2627.245,2669.901,2683.096,2657.933,0.0,0.0,0.0,0.0,0.0,1731357000
invalid_geometry,1731335700,20241111,-1,2686.165,2627.245,2669.901,2683.096,2657.933,2622.473,2669.902,2627.245,0.0,0.0,1731357000
profile,1731421800,20241112,0,2627.214,2589.657,2605.893,2614.695,2593.178,0.0,0.0,0.0,0.0,0.0,1731443400
entry,1731422700,20241112,1,2627.214,2589.657,2605.893,2614.695,2593.178,2614.873,2605.892,2627.214,0.12,107.772,1731443400
profile,1731508200,20241113,0,2618.865,2597.679,2609.044,2613.127,2606.286,0.0,0.0,0.0,0.0,0.0,1731529800
entry,1731509400,20241113,-1,2618.865,2597.679,2609.044,2613.127,2606.286,2605.404,2609.045,2597.679,0.28,101.94800000000002,1731529800
profile,1731594600,20241114,0,2581.434,2536.771,2556.078,2567.012,2549.332,0.0,0.0,0.0,0.0,0.0,1731616200
entry,1731597600,20241114,1,2581.434,2536.771,2556.078,2567.012,2549.332,2567.816,2556.077,2581.434,0.09,105.65100000000001,1731616200
profile,1731681000,20241115,0,2575.769,2554.416,2566.983,2571.098,2564.425,0.0,0.0,0.0,0.0,0.0,1731702600
entry,1731681300,20241115,1,2575.769,2554.416,2566.983,2571.098,2564.425,2572.009,2566.982,2575.769,0.2,100.54,1731702600
profile,1731940200,20241118,0,2608.221,2568.051,2591.693,2596.505,2583.952,0.0,0.0,0.0,0.0,0.0,1731961800
invalid_geometry,1731940500,20241118,1,2608.221,2568.051,2591.693,2596.505,2583.952,2608.883,2591.692,2608.221,0.0,0.0,1731961800
profile,1732026600,20241119,0,2639.456,2610.372,2622.339,2634.609,2617.643,0.0,0.0,0.0,0.0,0.0,1732048200
profile,1732113000,20241120,0,2642.151,2618.863,2639.846,2642.151,2626.383,0.0,0.0,0.0,0.0,0.0,1732134600
invalid_geometry,1732113600,20241120,1,2642.151,2618.863,2639.846,2642.151,2626.383,2644.719,2639.845,2642.151,0.0,0.0,1732134600
profile,1732199400,20241121,0,2673.546,2649.011,2666.262,2673.29,2657.445,0.0,0.0,0.0,0.0,0.0,1732221000
profile,1732285800,20241122,0,2710.151,2668.17,2699.0,2703.154,2683.476,0.0,0.0,0.0,0.0,0.0,1732307400
entry,1732290300,20241122,1,2710.151,2668.17,2699.0,2703.154,2683.476,2705.008,2698.999,2710.151,0.17,102.153,1732307400
profile,1732545000,20241125,0,2721.461,2639.986,2670.115,2695.151,2658.657,0.0,0.0,0.0,0.0,0.0,1732566600
invalid_geometry,1732545300,20241125,-1,2721.461,2639.986,2670.115,2695.151,2658.657,2643.001,2670.116,2639.986,0.0,0.0,1732566600
profile,1732631400,20241126,0,2642.01,2605.143,2628.377,2633.177,2620.504,0.0,0.0,0.0,0.0,0.0,1732653000
profile,1732717800,20241127,0,2658.196,2627.041,2647.0,2654.626,2638.724,0.0,0.0,0.0,0.0,0.0,1732739400
invalid_geometry,1732718700,20241127,1,2658.196,2627.041,2647.0,2654.626,2638.724,2654.714,2646.999,2658.196,0.0,0.0,1732739400
profile,1732804200,20241128,0,2649.698,2620.868,2645.944,2649.698,2630.778,0.0,0.0,0.0,0.0,0.0,1732825800
profile,1732890600,20241129,0,2666.407,2633.993,2659.823,2663.706,2656.615,0.0,0.0,0.0,0.0,0.0,1732912200
entry,1732891500,20241129,-1,2666.407,2633.993,2659.823,2663.706,2656.615,2655.763,2659.824,2633.993,0.25,101.525,1732912200
profile,1733149800,20241202,0,2651.81,2621.842,2629.178,2639.636,2622.154,0.0,0.0,0.0,0.0,0.0,1733171400
invalid_geometry,1733150100,20241202,1,2651.81,2621.842,2629.178,2639.636,2622.154,2649.006,2629.177,2651.81,0.0,0.0,1733171400
profile,1733236200,20241203,0,2654.638,2634.057,2643.597,2647.349,2638.773,0.0,0.0,0.0,0.0,0.0,1733257800
invalid_geometry,1733236500,20241203,1,2654.638,2634.057,2643.597,2647.349,2638.773,2651.519,2643.596,2654.638,0.0,0.0,1733257800
profile,1733322600,20241204,0,2653.246,2632.354,2641.603,2646.935,2638.883,0.0,0.0,0.0,0.0,0.0,1733344200
invalid_geometry,1733322900,20241204,1,2653.246,2632.354,2641.603,2646.935,2638.883,2651.942,2641.602,2653.246,0.0,0.0,1733344200
profile,1733409000,20241205,0,2655.542,2641.845,2649.193,2650.406,2645.555,0.0,0.0,0.0,0.0,0.0,1733430600
entry,1733410200,20241205,-1,2655.542,2641.845,2649.193,2650.406,2645.555,2644.651,2649.194,2641.845,0.22,99.946,1733430600
profile,1733495400,20241206,0,2645.757,2612.955,2642.169,2644.049,2631.748,0.0,0.0,0.0,0.0,0.0,1733517000
entry,1733495700,20241206,-1,2645.757,2612.955,2642.169,2644.049,2631.748,2630.129,2642.17,2612.955,0.09,108.36899999999999,1733517000
timed_exit,1733517000,20241206,0,2645.757,2612.955,2642.169,2644.049,2631.748,0.0,0.0,0.0,0.0,0.0,1733517000
profile,1733754600,20241209,0,2669.274,2634.577,2656.805,2669.274,2643.974,0.0,0.0,0.0,0.0,0.0,1733776200
invalid_geometry,1733755500,20241209,1,2669.274,2634.577,2656.805,2669.274,2643.974,2672.583,2656.804,2669.274,0.0,0.0,1733776200
profile,1733841000,20241210,0,2685.483,2657.982,2669.584,2674.597,2662.279,0.0,0.0,0.0,0.0,0.0,1733862600
invalid_geometry,1733841300,20241210,1,2685.483,2657.982,2669.584,2674.597,2662.279,2688.202,2669.583,2685.483,0.0,0.0,1733862600
profile,1733927400,20241211,0,2704.372,2675.526,2694.907,2700.766,2689.649,0.0,0.0,0.0,0.0,0.0,1733949000
invalid_geometry,1733928300,20241211,1,2704.372,2675.526,2694.907,2700.766,2689.649,2701.435,2694.906,2704.372,0.0,0.0,1733949000
profile,1734013800,20241212,0,2726.23,2682.745,2711.056,2720.341,2708.111,0.0,0.0,0.0,0.0,0.0,1734035400
invalid_geometry,1734014100,20241212,-1,2726.23,2682.745,2711.056,2720.341,2708.111,2683.048,2711.057,2682.745,0.0,0.0,1734035400
profile,1734100200,20241213,0,2692.802,2658.907,2686.976,2692.802,2670.205,0.0,0.0,0.0,0.0,0.0,1734121800
invalid_geometry,1734100500,20241213,-1,2692.802,2658.907,2686.976,2692.802,2670.205,2660.097,2686.977,2658.907,0.0,0.0,1734121800
profile,1734359400,20241216,0,2664.471,2643.517,2653.448,2660.324,2648.974,0.0,0.0,0.0,0.0,0.0,1734381000
profile,1734445800,20241217,0,2658.635,2633.015,2642.489,2653.031,2636.484,0.0,0.0,0.0,0.0,0.0,1734467400
invalid_geometry,1734447300,20241217,-1,2658.635,2633.015,2642.489,2653.031,2636.484,2635.977,2642.49,2633.015,0.0,0.0,1734467400
profile,1734532200,20241218,0,2651.731,2638.533,2646.988,2649.256,2644.17,0.0,0.0,0.0,0.0,0.0,1734553800
invalid_geometry,1734532500,20241218,-1,2651.731,2638.533,2646.988,2649.256,2644.17,2638.443,2646.989,2638.533,0.0,0.0,1734553800
profile,1734618600,20241219,0,2626.481,2583.333,2608.727,2622.436,2603.109,0.0,0.0,0.0,0.0,0.0,1734640200
entry,1734618900,20241219,-1,2626.481,2583.333,2608.727,2622.436,2603.109,2598.746,2608.728,2583.333,0.1,99.82000000000001,1734640200
profile,1734705000,20241220,0,2616.377,2589.617,2605.645,2607.178,2597.422,0.0,0.0,0.0,0.0,0.0,1734726600
invalid_geometry,1734705300,20241220,1,2616.377,2589.617,2605.645,2607.178,2597.422,2617.487,2605.644,2616.377,0.0,0.0,1734726600
profile,1734964200,20241223,0,2633.264,2612.983,2617.525,2626.504,2614.251,0.0,0.0,0.0,0.0,0.0,1734985800
invalid_geometry,1734966300,20241223,-1,2633.264,2612.983,2617.525,2626.504,2614.251,2612.871,2617.526,2612.983,0.0,0.0,1734985800
profile,1735050600,20241224,0,2621.496,2611.27,2614.838,2618.407,2613.081,0.0,0.0,0.0,0.0,0.0,1735072200
invalid_geometry,1735051800,20241224,-1,2621.496,2611.27,2614.838,2618.407,2613.081,2611.493,2614.839,2611.27,0.0,0.0,1735072200
profile,1735223400,20241226,0,2631.187,2615.395,2626.499,2629.049,2625.101,0.0,0.0,0.0,0.0,0.0,1735245000
invalid_geometry,1735225200,20241226,1,2631.187,2615.395,2626.499,2629.049,2625.101,2630.1,2626.498,2631.187,0.0,0.0,1735245000
profile,1735309800,20241227,0,2638.338,2614.285,2632.951,2635.582,2625.56,0.0,0.0,0.0,0.0,0.0,1735331400
invalid_geometry,1735310100,20241227,-1,2638.338,2614.285,2632.951,2635.582,2625.56,2613.955,2632.952,2614.285,0.0,0.0,1735331400
profile,1735569000,20241230,0,2628.199,2605.373,2624.038,2628.199,2615.359,0.0,0.0,0.0,0.0,0.0,1735590600
invalid_geometry,1735569300,20241230,-1,2628.199,2605.373,2624.038,2628.199,2615.359,2607.414,2624.039,2605.373,0.0,0.0,1735590600
profile,1735655400,20241231,0,2617.82,2602.615,2606.812,2613.544,2605.624,0.0,0.0,0.0,0.0,0.0,1735677000
invalid_geometry,1735655700,20241231,1,2617.82,2602.615,2606.812,2613.544,2605.624,2614.681,2606.811,2617.82,0.0,0.0,1735677000
profile,1735828200,20250102,0,2649.093,2621.665,2633.808,2642.807,2631.093,0.0,0.0,0.0,0.0,0.0,1735849800
invalid_geometry,1735828500,20250102,1,2649.093,2621.665,2633.808,2642.807,2631.093,2648.811,2633.807,2649.093,0.0,0.0,1735849800
profile,1735914600,20250103,0,2665.238,2643.411,2654.666,2661.6,2651.369,0.0,0.0,0.0,0.0,0.0,1735936200
entry,1735914900,20250103,-1,2665.238,2643.411,2654.666,2661.6,2651.369,2650.988,2654.667,2643.411,0.28,103.012,1735936200
profile,1736173800,20250106,0,2649.513,2614.45,2644.217,2648.417,2631.251,0.0,0.0,0.0,0.0,0.0,1736195400
entry,1736174100,20250106,-1,2649.513,2614.45,2644.217,2648.417,2631.251,2625.232,2644.218,2614.45,0.06,113.916,1736195400
timed_exit,1736195400,20250106,0,2649.513,2614.45,2644.217,2648.417,2631.251,0.0,0.0,0.0,0.0,0.0,1736195400
profile,1736260200,20250107,0,2664.288,2632.942,2638.33,2648.615,2632.942,0.0,0.0,0.0,0.0,0.0,1736281800
invalid_geometry,1736260500,20250107,1,2664.288,2632.942,2638.33,2648.615,2632.942,2661.745,2638.329,2664.288,0.0,0.0,1736281800
profile,1736346600,20250108,0,2664.519,2645.253,2648.564,2653.883,2646.859,0.0,0.0,0.0,0.0,0.0,1736368200
invalid_geometry,1736346900,20250108,1,2664.519,2645.253,2648.564,2653.883,2646.859,2665.13,2648.563,2664.519,0.0,0.0,1736368200
profile,1736433000,20250109,0,2678.375,2655.495,2665.148,2669.557,2655.733,0.0,0.0,0.0,0.0,0.0,1736454600
entry,1736433300,20250109,1,2678.375,2655.495,2665.148,2669.557,2655.733,2672.404,2665.147,2678.375,0.14,101.59800000000001,1736454600
profile,1736519400,20250110,0,2690.874,2664.015,2679.263,2683.879,2672.968,0.0,0.0,0.0,0.0,0.0,1736541000
invalid_geometry,1736519700,20250110,1,2690.874,2664.015,2679.263,2683.879,2672.968,2693.019,2679.262,2690.874,0.0,0.0,1736541000
profile,1736778600,20250113,0,2693.392,2663.717,2686.128,2693.392,2673.609,0.0,0.0,0.0,0.0,0.0,1736800200
invalid_geometry,1736778900,20250113,-1,2693.392,2663.717,2686.128,2693.392,2673.609,2669.595,2686.129,2663.717,0.0,0.0,1736800200
profile,1736865000,20250114,0,2675.394,2659.826,2669.637,2671.664,2666.475,0.0,0.0,0.0,0.0,0.0,1736886600
invalid_geometry,1736865300,20250114,-1,2675.394,2659.826,2669.637,2671.664,2666.475,2663.095,2669.638,2659.826,0.0,0.0,1736886600
profile,1736951400,20250115,0,2696.08,2669.408,2688.162,2692.19,2680.521,0.0,0.0,0.0,0.0,0.0,1736973000
entry,1736953500,20250115,-1,2696.08,2669.408,2688.162,2692.19,2680.521,2677.331,2688.163,2669.408,0.1,108.32000000000001,1736973000
profile,1737037800,20250116,0,2718.362,2689.931,2697.483,2706.516,2693.189,0.0,0.0,0.0,0.0,0.0,1737059400
invalid_geometry,1737038100,20250116,1,2718.362,2689.931,2697.483,2706.516,2693.189,2717.133,2697.482,2718.362,0.0,0.0,1737059400
profile,1737124200,20250117,0,2717.37,2702.791,2715.32,2716.914,2707.954,0.0,0.0,0.0,0.0,0.0,1737145800
invalid_geometry,1737124500,20250117,-1,2717.37,2702.791,2715.32,2716.914,2707.954,2706.733,2715.321,2702.791,0.0,0.0,1737145800
profile,1737383400,20250120,0,2713.794,2689.421,2706.05,2711.509,2703.385,0.0,0.0,0.0,0.0,0.0,1737405000
profile,1737469800,20250121,0,2732.797,2702.841,2726.088,2729.052,2719.691,0.0,0.0,0.0,0.0,0.0,1737491400
entry,1737470100,20250121,1,2732.797,2702.841,2726.088,2729.052,2719.691,2729.755,2726.087,2732.797,0.27,99.03600000000002,1737491400
profile,1737556200,20250122,0,2763.454,2741.978,2749.025,2757.19,2746.452,0.0,0.0,0.0,0.0,0.0,1737577800
invalid_geometry,1737561000,20250122,1,2763.454,2741.978,2749.025,2757.19,2746.452,2759.669,2749.024,2763.454,0.0,0.0,1737577800
profile,1737642600,20250123,0,2756.684,2735.794,2752.876,2756.249,2744.498,0.0,0.0,0.0,0.0,0.0,1737664200
entry,1737643200,20250123,-1,2756.684,2735.794,2752.876,2756.249,2744.498,2743.889,2752.877,2735.794,0.11,98.868,1737664200
profile,1737729000,20250124,0,2784.639,2753.608,2773.81,2779.467,2770.416,0.0,0.0,0.0,0.0,0.0,1737750600
invalid_geometry,1737731400,20250124,1,2784.639,2753.608,2773.81,2779.467,2770.416,2781.355,2773.809,2784.639,0.0,0.0,1737750600
profile,1737988200,20250127,0,2772.564,2747.213,2757.116,2765.17,2750.91,0.0,0.0,0.0,0.0,0.0,1738009800
invalid_geometry,1737988500,20250127,-1,2772.564,2747.213,2757.116,2765.17,2750.91,2748.755,2757.117,2747.213,0.0,0.0,1738009800
profile,1738074600,20250128,0,2754.626,2734.806,2743.58,2744.716,2739.348,0.0,0.0,0.0,0.0,0.0,1738096200
invalid_geometry,1738074900,20250128,1,2754.626,2734.806,2743.58,2744.716,2739.348,2755.808,2743.579,2754.626,0.0,0.0,1738096200
profile,1738161000,20250129,0,2766.295,2752.247,2763.003,2765.71,2758.247,0.0,0.0,0.0,0.0,0.0,1738182600
entry,1738161900,20250129,-1,2766.295,2752.247,2763.003,2765.71,2758.247,2757.944,2763.004,2752.247,0.2,101.2,1738182600
profile,1738247400,20250130,0,2788.288,2758.185,2760.223,2778.567,2758.185,0.0,0.0,0.0,0.0,0.0,1738269000
invalid_geometry,1738247700,20250130,1,2788.288,2758.185,2760.223,2778.567,2758.185,2781.911,2760.222,2788.288,0.0,0.0,1738269000
profile,1738333800,20250131,0,2808.564,2791.024,2797.145,2800.159,2792.486,0.0,0.0,0.0,0.0,0.0,1738355400
invalid_geometry,1738334100,20250131,1,2808.564,2791.024,2797.145,2800.159,2792.486,2808.902,2797.144,2808.564,0.0,0.0,1738355400
profile,1738593000,20250203,0,2815.622,2772.178,2786.886,2803.856,2778.966,0.0,0.0,0.0,0.0,0.0,1738614600
invalid_geometry,1738593300,20250203,1,2815.622,2772.178,2786.886,2803.856,2778.966,2815.583,2786.885,2815.622,0.0,0.0,1738614600
profile,1738679400,20250204,0,2837.978,2807.192,2816.652,2821.944,2812.323,0.0,0.0,0.0,0.0,0.0,1738701000
invalid_geometry,1738679700,20250204,1,2837.978,2807.192,2816.652,2821.944,2812.323,2839.668,2816.651,2837.978,0.0,0.0,1738701000
profile,1738765800,20250205,0,2877.089,2839.715,2869.497,2872.028,2852.173,0.0,0.0,0.0,0.0,0.0,1738787400
invalid_geometry,1738767900,20250205,1,2877.089,2839.715,2869.497,2872.028,2852.173,2874.654,2869.496,2877.089,0.0,0.0,1738787400
profile,1738852200,20250206,0,2873.298,2848.908,2869.106,2872.282,2859.325,0.0,0.0,0.0,0.0,0.0,1738873800
entry,1738852500,20250206,-1,2873.298,2848.908,2869.106,2872.282,2859.325,2856.035,2869.107,2848.908,0.08,104.57600000000001,1738873800
profile,1738938600,20250207,0,2875.478,2852.385,2864.292,2869.705,2862.729,0.0,0.0,0.0,0.0,0.0,1738960200
invalid_geometry,1738938900,20250207,1,2875.478,2852.385,2864.292,2869.705,2862.729,2872.636,2864.291,2875.478,0.0,0.0,1738960200
profile,1739197800,20250210,0,2911.086,2860.123,2903.919,2911.086,2878.172,0.0,0.0,0.0,0.0,0.0,1739219400
profile,1739284200,20250211,0,2942.648,2881.754,2909.981,2927.425,2900.149,0.0,0.0,0.0,0.0,0.0,1739305800
entry,1739286000,20250211,-1,2942.648,2881.754,2909.981,2927.425,2900.149,2896.788,2909.982,2881.754,0.08,105.552,1739305800
timed_exit,1739305800,20250211,0,2942.648,2881.754,2909.981,2927.425,2900.149,0.0,0.0,0.0,0.0,0.0,1739305800
profile,1739370600,20250212,0,2900.93,2864.126,2893.071,2896.329,2883.295,0.0,0.0,0.0,0.0,0.0,1739392200
entry,1739370900,20250212,1,2900.93,2864.126,2893.071,2896.329,2883.295,2898.117,2893.07,2900.93,0.2,100.94,1739392200
profile,1739457000,20250213,0,2922.825,2900.509,2916.897,2919.803,2910.97,0.0,0.0,0.0,0.0,0.0,1739478600
entry,1739457300,20250213,-1,2922.825,2900.509,2916.897,2919.803,2910.97,2910.031,2916.898,2900.509,0.15,103.00500000000001,1739478600
profile,1739543400,20250214,0,2940.024,2914.106,2928.01,2936.244,2926.525,0.0,0.0,0.0,0.0,0.0,1739565000
entry,1739543700,20250214,-1,2940.024,2914.106,2928.01,2936.244,2926.525,2924.467,2928.011,2914.106,0.28,99.232,1739565000
profile,1739802600,20250217,0,2906.502,2878.454,2897.883,2904.165,2894.815,0.0,0.0,0.0,0.0,0.0,1739824200
profile,1739889000,20250218,0,2923.39,2892.027,2912.119,2918.163,2906.728,0.0,0.0,0.0,0.0,0.0,1739910600
invalid_geometry,1739889300,20250218,1,2923.39,2892.027,2912.119,2918.163,2906.728,2924.453,2912.118,2923.39,0.0,0.0,1739910600
profile,1739975400,20250219,0,2947.073,2924.082,2933.063,2941.804,2929.59,0.0,0.0,0.0,0.0,0.0,1739997000
invalid_geometry,1739980800,20250219,-1,2947.073,2924.082,2933.063,2941.804,2929.59,2925.791,2933.064,2924.082,0.0,0.0,1739997000
profile,1740061800,20250220,0,2954.999,2924.104,2940.678,2950.493,2933.437,0.0,0.0,0.0,0.0,0.0,1740083400
profile,1740148200,20250221,0,2949.81,2916.706,2931.017,2936.706,2926.017,0.0,0.0,0.0,0.0,0.0,1740169800
entry,1740149400,20250221,1,2949.81,2916.706,2931.017,2936.706,2926.017,2938.03,2931.016,2949.81,0.14,98.19600000000001,1740169800
profile,1740407400,20250224,0,2956.205,2921.356,2941.866,2949.671,2935.876,0.0,0.0,0.0,0.0,0.0,1740429000
entry,1740409500,20250224,-1,2956.205,2921.356,2941.866,2949.671,2935.876,2933.527,2941.867,2921.356,0.12,100.08,1740429000
profile,1740493800,20250225,0,2953.967,2924.081,2939.802,2942.448,2928.128,0.0,0.0,0.0,0.0,0.0,1740515400
entry,1740494100,20250225,1,2953.967,2924.081,2939.802,2942.448,2928.128,2942.963,2939.801,2953.967,0.3,94.86,1740515400
profile,1740580200,20250226,0,2930.165,2892.431,2914.246,2921.125,2910.119,0.0,0.0,0.0,0.0,0.0,1740601800
invalid_geometry,1740580500,20250226,-1,2930.165,2892.431,2914.246,2921.125,2910.119,2894.073,2914.247,2892.431,0.0,0.0,1740601800
profile,1740666600,20250227,0,2920.818,2876.974,2887.25,2897.526,2883.368,0.0,0.0,0.0,0.0,0.0,1740688200
entry,1740667500,20250227,-1,2920.818,2876.974,2887.25,2897.526,2883.368,2881.841,2887.251,2876.974,0.18,97.38,1740688200
profile,1740753000,20250228,0,2885.058,2842.185,2863.845,2872.107,2851.563,0.0,0.0,0.0,0.0,0.0,1740774600
invalid_geometry,1740753300,20250228,-1,2885.058,2842.185,2863.845,2872.107,2851.563,2844.067,2863.846,2842.185,0.0,0.0,1740774600
profile,1741012200,20250303,0,2877.74,2858.854,2867.805,2876.953,2866.133,0.0,0.0,0.0,0.0,0.0,1741033800
invalid_geometry,1741012500,20250303,1,2877.74,2858.854,2867.805,2876.953,2866.133,2878.982,2867.804,2877.74,0.0,0.0,1741033800
profile,1741098600,20250304,0,2927.915,2881.974,2887.477,2917.387,2883.41,0.0,0.0,0.0,0.0,0.0,1741120200
profile,1741185000,20250305,0,2922.552,2894.29,2914.162,2920.491,2909.01,0.0,0.0,0.0,0.0,0.0,1741206600
entry,1741185300,20250305,-1,2922.552,2894.29,2914.162,2920.491,2909.01,2908.731,2914.163,2894.29,0.18,97.77600000000001,1741206600
profile,1741271400,20250306,0,2926.635,2891.183,2904.662,2917.403,2891.922,0.0,0.0,0.0,0.0,0.0,1741293000
invalid_geometry,1741273500,20250306,1,2926.635,2891.183,2904.662,2917.403,2891.922,2920.38,2904.661,2926.635,0.0,0.0,1741293000
profile,1741357800,20250307,0,2926.496,2896.628,2905.184,2918.718,2901.917,0.0,0.0,0.0,0.0,0.0,1741379400
invalid_geometry,1741358400,20250307,1,2926.496,2896.628,2905.184,2918.718,2901.917,2921.019,2905.183,2926.496,0.0,0.0,1741379400
profile,1741613400,20250310,0,2918.336,2895.66,2912.076,2916.683,2905.108,0.0,0.0,0.0,0.0,0.0,1741635000
invalid_geometry,1741613700,20250310,-1,2918.336,2895.66,2912.076,2916.683,2905.108,2900.28,2912.077,2895.66,0.0,0.0,1741635000
profile,1741699800,20250311,0,2916.075,2880.117,2897.909,2914.202,2893.227,0.0,0.0,0.0,0.0,0.0,1741721400
invalid_geometry,1741700100,20250311,1,2916.075,2880.117,2897.909,2914.202,2893.227,2914.919,2897.908,2916.075,0.0,0.0,1741721400
profile,1741786200,20250312,0,2925.396,2906.051,2915.22,2918.545,2912.298,0.0,0.0,0.0,0.0,0.0,1741807800
entry,1741786500,20250312,-1,2925.396,2906.051,2915.22,2918.545,2912.298,2911.528,2915.221,2906.051,0.26,96.018,1741807800
profile,1741872600,20250313,0,2949.148,2932.944,2944.844,2948.473,2939.021,0.0,0.0,0.0,0.0,0.0,1741894200
invalid_geometry,1741873200,20250313,1,2949.148,2932.944,2944.844,2948.473,2939.021,2950.133,2944.843,2949.148,0.0,0.0,1741894200
profile,1741959000,20250314,0,3004.919,2980.811,2987.717,2993.618,2981.564,0.0,0.0,0.0,0.0,0.0,1741980600
invalid_geometry,1741965300,20250314,-1,3004.919,2980.811,2987.717,2993.618,2981.564,2981.451,2987.718,2980.811,0.0,0.0,1741980600
profile,1742218200,20250317,0,3001.241,2982.182,2988.237,2992.307,2985.358,0.0,0.0,0.0,0.0,0.0,1742239800
entry,1742220900,20250317,1,3001.241,2982.182,2988.237,2992.307,2985.358,2993.275,2988.236,3001.241,0.19,95.741,1742239800
profile,1742304600,20250318,0,3037.639,2999.514,3011.627,3030.888,3006.662,0.0,0.0,0.0,0.0,0.0,1742326200
invalid_geometry,1742304900,20250318,1,3037.639,2999.514,3011.627,3030.888,3006.662,3034.117,3011.626,3037.639,0.0,0.0,1742326200
profile,1742391000,20250319,0,3045.386,3022.768,3039.378,3039.967,3030.307,0.0,0.0,0.0,0.0,0.0,1742412600
entry,1742391300,20250319,-1,3045.386,3022.768,3039.378,3039.967,3030.307,3029.831,3039.379,3022.768,0.1,95.48,1742412600
profile,1742477400,20250320,0,3057.483,3025.65,3049.027,3055.825,3039.245,0.0,0.0,0.0,0.0,0.0,1742499000
entry,1742477700,20250320,-1,3057.483,3025.65,3049.027,3055.825,3039.245,3035.23,3049.028,3025.65,0.07,96.58600000000001,1742499000
timed_exit,1742499000,20250320,0,3057.483,3025.65,3049.027,3055.825,3039.245,0.0,0.0,0.0,0.0,0.0,1742499000
profile,1742563800,20250321,0,3047.459,3021.577,3031.418,3035.866,3028.587,0.0,0.0,0.0,0.0,0.0,1742585400
entry,1742564100,20250321,-1,3047.459,3021.577,3031.418,3035.866,3028.587,3026.307,3031.419,3021.577,0.18,92.01599999999999,1742585400
profile,1742823000,20250324,0,3033.25,3013.67,3025.194,3027.743,3019.993,0.0,0.0,0.0,0.0,0.0,1742844600
entry,1742826300,20250324,-1,3033.25,3013.67,3025.194,3027.743,3019.993,3019.407,3025.195,3013.67,0.16,92.60799999999999,1742844600
profile,1742909400,20250325,0,3026.46,3007.569,3015.735,3020.557,3009.734,0.0,0.0,0.0,0.0,0.0,1742931000
invalid_geometry,1742909700,20250325,1,3026.46,3007.569,3015.735,3020.557,3009.734,3025.33,3015.734,3026.46,0.0,0.0,1742931000
profile,1742995800,20250326,0,3032.066,3013.242,3024.909,3029.713,3019.713,0.0,0.0,0.0,0.0,0.0,1743017400
entry,1742997000,20250326,-1,3032.066,3013.242,3024.909,3029.713,3019.713,3019.279,3024.91,3013.242,0.17,95.727,1743017400
profile,1743082200,20250327,0,3056.0,3017.582,3036.191,3043.594,3017.982,0.0,0.0,0.0,0.0,0.0,1743103800
entry,1743084300,20250327,1,3056.0,3017.582,3036.191,3043.594,3017.982,3045.169,3036.19,3056.0,0.11,98.76899999999999,1743103800
profile,1743168600,20250328,0,3086.041,3054.168,3073.591,3081.061,3070.437,0.0,0.0,0.0,0.0,0.0,1743190200
invalid_geometry,1743170100,20250328,1,3086.041,3054.168,3073.591,3081.061,3070.437,3082.736,3073.59,3086.041,0.0,0.0,1743190200
profile,1743427800,20250331,0,3128.189,3076.814,3122.57,3126.048,3104.642,0.0,0.0,0.0,0.0,0.0,1743449400
entry,1743428700,20250331,-1,3128.189,3076.814,3122.57,3126.048,3104.642,3104.256,3122.571,3076.814,0.06,109.89,1743449400
profile,1743514200,20250401,0,3149.083,3120.048,3132.902,3142.429,3128.214,0.0,0.0,0.0,0.0,0.0,1743535800
entry,1743516900,20250401,-1,3149.083,3120.048,3132.902,3142.429,3128.214,3125.564,3132.903,3120.048,0.13,95.407,1743535800
profile,1743600600,20250402,0,3135.727,3107.766,3132.086,3133.979,3117.378,0.0,0.0,0.0,0.0,0.0,1743622200
profile,1743687000,20250403,0,3167.816,3054.076,3129.31,3165.446,3116.87,0.0,0.0,0.0,0.0,0.0,1743708600
invalid_geometry,1743687300,20250403,-1,3167.816,3054.076,3129.31,3165.446,3116.87,3070.519,3129.311,3054.076,0.0,0.0,1743708600
profile,1743773400,20250404,0,3136.749,3069.383,3094.294,3115.697,3089.031,0.0,0.0,0.0,0.0,0.0,1743795000
invalid_geometry,1743773700,20250404,-1,3136.749,3069.383,3094.294,3115.697,3089.031,3070.854,3094.295,3069.383,0.0,0.0,1743795000
profile,1744032600,20250407,0,3055.84,2970.725,3027.025,3043.427,3015.056,0.0,0.0,0.0,0.0,0.0,1744054200
entry,1744032900,20250407,-1,3055.84,2970.725,3027.025,3043.427,3015.056,3014.79,3027.026,2970.725,0.08,97.88799999999999,1744054200
profile,1744119000,20250408,0,3022.77,2978.572,3005.045,3013.102,2995.146,0.0,0.0,0.0,0.0,0.0,1744140600
entry,1744121100,20250408,1,3022.77,2978.572,3005.045,3013.102,2995.146,3015.035,3005.044,3022.77,0.1,99.91000000000001,1744140600
profile,1744205400,20250409,0,3073.073,2970.002,3044.621,3073.073,3006.506,0.0,0.0,0.0,0.0,0.0,1744227000
invalid_geometry,1744206000,20250409,1,3073.073,2970.002,3044.621,3073.073,3006.506,3076.064,3044.62,3073.073,0.0,0.0,1744227000
profile,1744291800,20250410,0,3136.649,3071.461,3118.654,3130.538,3104.734,0.0,0.0,0.0,0.0,0.0,1744313400
invalid_geometry,1744293900,20250410,1,3136.649,3071.461,3118.654,3130.538,3104.734,3135.093,3118.653,3136.649,0.0,0.0,1744313400
profile,1744378200,20250411,0,3237.839,3176.396,3217.678,3222.478,3196.237,0.0,0.0,0.0,0.0,0.0,1744399800
invalid_geometry,1744378500,20250411,1,3237.839,3176.396,3217.678,3222.478,3196.237,3240.52,3217.677,3237.839,0.0,0.0,1744399800
profile,1744637400,20250414,0,3245.781,3193.576,3223.757,3234.905,3217.503,0.0,0.0,0.0,0.0,0.0,1744659000
invalid_geometry,1744637700,20250414,-1,3245.781,3193.576,3223.757,3234.905,3217.503,3198.074,3223.758,3193.576,0.0,0.0,1744659000
profile,1744723800,20250415,0,3232.728,3210.001,3222.903,3229.177,3219.471,0.0,0.0,0.0,0.0,0.0,1744745400
entry,1744724400,20250415,-1,3232.728,3210.001,3222.903,3229.177,3219.471,3216.453,3222.904,3210.001,0.15,96.765,1744745400
profile,1744810200,20250416,0,3317.857,3229.92,3306.407,3317.857,3272.056,0.0,0.0,0.0,0.0,0.0,1744831800
invalid_geometry,1744818000,20250416,1,3317.857,3229.92,3306.407,3317.857,3272.056,3318.128,3306.406,3317.857,0.0,0.0,1744831800
profile,1744896600,20250417,0,3357.782,3312.681,3326.54,3341.809,3320.198,0.0,0.0,0.0,0.0,0.0,1744918200
entry,1744898100,20250417,-1,3357.782,3312.681,3326.54,3341.809,3320.198,3317.908,3326.541,3312.681,0.11,94.963,1744918200
profile,1745242200,20250421,0,3424.457,3331.312,3383.221,3404.082,3366.241,0.0,0.0,0.0,0.0,0.0,1745263800
entry,1745242500,20250421,1,3424.457,3331.312,3383.221,3404.082,3366.241,3407.803,3383.22,3424.457,0.04,98.33200000000001,1745263800
profile,1745328600,20250422,0,3500.057,3412.204,3453.843,3493.651,3444.234,0.0,0.0,0.0,0.0,0.0,1745350200
entry,1745328900,20250422,-1,3500.057,3412.204,3453.843,3493.651,3444.234,3434.134,3453.844,3412.204,0.05,98.55000000000001,1745350200
profile,1745415000,20250423,0,3386.67,3291.813,3338.747,3345.17,3305.646,0.0,0.0,0.0,0.0,0.0,1745436600
invalid_geometry,1745415300,20250423,-1,3386.67,3291.813,3338.747,3345.17,3305.646,3301.682,3338.748,3291.813,0.0,0.0,1745436600
profile,1745501400,20250424,0,3367.57,3294.999,3331.662,3344.136,3321.457,0.0,0.0,0.0,0.0,0.0,1745523000
entry,1745502300,20250424,-1,3367.57,3294.999,3331.662,3344.136,3321.457,3316.581,3331.663,3294.999,0.07,105.57400000000001,1745523000
profile,1745587800,20250425,0,3370.813,3268.332,3298.756,3349.463,3288.615,0.0,0.0,0.0,0.0,0.0,1745609400
invalid_geometry,1745588100,20250425,-1,3370.813,3268.332,3298.756,3349.463,3288.615,3270.266,3298.757,3268.332,0.0,0.0,1745609400
profile,1745847000,20250428,0,3330.28,3268.126,3293.052,3303.088,3276.543,0.0,0.0,0.0,0.0,0.0,1745868600
entry,1745850000,20250428,1,3330.28,3268.126,3293.052,3303.088,3276.543,3307.569,3293.051,3330.28,0.07,101.626,1745868600
profile,1745933400,20250429,0,3348.701,3300.44,3313.259,3329.095,3304.462,0.0,0.0,0.0,0.0,0.0,1745955000
invalid_geometry,1745934600,20250429,-1,3348.701,3300.44,3313.259,3329.095,3304.462,3301.274,3313.26,3300.44,0.0,0.0,1745955000
profile,1746019800,20250430,0,3327.995,3266.925,3308.593,3327.995,3287.282,0.0,0.0,0.0,0.0,0.0,1746041400
profile,1746106200,20250501,0,3288.206,3201.886,3226.613,3251.34,3221.668,0.0,0.0,0.0,0.0,0.0,1746127800
entry,1746108300,20250501,-1,3288.206,3201.886,3226.613,3251.34,3221.668,3220.821,3226.614,3201.886,0.17,98.481,1746127800
profile,1746192600,20250502,0,3269.266,3227.557,3255.58,3265.79,3244.501,0.0,0.0,0.0,0.0,0.0,1746214200
entry,1746194700,20250502,-1,3269.266,3227.557,3255.58,3265.79,3244.501,3243.618,3255.581,3227.557,0.08,95.704,1746214200
profile,1746451800,20250505,0,3322.571,3237.514,3314.154,3322.571,3258.778,0.0,0.0,0.0,0.0,0.0,1746473400
profile,1746538200,20250506,0,3397.584,3323.163,3379.366,3388.281,3358.048,0.0,0.0,0.0,0.0,0.0,1746559800
invalid_geometry,1746538500,20250506,1,3397.584,3323.163,3379.366,3388.281,3358.048,3394.714,3379.365,3397.584,0.0,0.0,1746559800
profile,1746624600,20250507,0,3424.826,3360.092,3389.425,3397.179,3376.95,0.0,0.0,0.0,0.0,0.0,1746646200
profile,1746711000,20250508,0,3414.875,3320.223,3340.435,3383.324,3325.153,0.0,0.0,0.0,0.0,0.0,1746732600
invalid_geometry,1746720600,20250508,-1,3414.875,3320.223,3340.435,3383.324,3325.153,3321.967,3340.436,3320.223,0.0,0.0,1746732600
profile,1746797400,20250509,0,3340.42,3274.688,3326.383,3334.942,3308.923,0.0,0.0,0.0,0.0,0.0,1746819000
invalid_geometry,1746797700,20250509,1,3340.42,3274.688,3326.383,3334.942,3308.923,3337.101,3326.382,3340.42,0.0,0.0,1746819000
profile,1747056600,20250512,0,3292.643,3207.717,3278.046,3292.643,3228.949,0.0,0.0,0.0,0.0,0.0,1747078200
invalid_geometry,1747067100,20250512,-1,3292.643,3207.717,3278.046,3292.643,3228.949,3226.739,3278.047,3207.717,0.0,0.0,1747078200
profile,1747143000,20250513,0,3265.683,3215.885,3254.53,3263.089,3236.634,0.0,0.0,0.0,0.0,0.0,1747164600
entry,1747144200,20250513,-1,3265.683,3215.885,3254.53,3263.089,3236.634,3234.133,3254.531,3215.885,0.05,101.99000000000001,1747164600
profile,1747229400,20250514,0,3257.189,3174.924,3231.053,3253.761,3222.912,0.0,0.0,0.0,0.0,0.0,1747251000
invalid_geometry,1747229700,20250514,-1,3257.189,3174.924,3231.053,3253.761,3222.912,3190.652,3231.054,3174.924,0.0,0.0,1747251000
profile,1747315800,20250515,0,3199.812,3120.673,3182.913,3199.812,3148.701,0.0,0.0,0.0,0.0,0.0,1747337400
invalid_geometry,1747318500,20250515,1,3199.812,3120.673,3182.913,3199.812,3148.701,3203.13,3182.912,3199.812,0.0,0.0,1747337400
profile,1747402200,20250516,0,3252.156,3154.255,3175.161,3221.562,3157.314,0.0,0.0,0.0,0.0,0.0,1747423800
profile,1747661400,20250519,0,3249.836,3206.608,3239.704,3245.783,3224.62,0.0,0.0,0.0,0.0,0.0,1747683000
entry,1747663500,20250519,-1,3249.836,3206.608,3239.704,3245.783,3224.62,3223.037,3239.705,3206.608,0.06,100.008,1747683000
profile,1747747800,20250520,0,3250.88,3204.559,3211.555,3233.027,3206.972,0.0,0.0,0.0,0.0,0.0,1747769400
invalid_geometry,1747748100,20250520,1,3250.88,3204.559,3211.555,3233.027,3206.972,3241.424,3211.554,3250.88,0.0,0.0,1747769400
profile,1747834200,20250521,0,3320.76,3285.444,3294.457,3310.092,3289.123,0.0,0.0,0.0,0.0,0.0,1747855800
invalid_geometry,1747840500,20250521,1,3320.76,3285.444,3294.457,3310.092,3289.123,3312.293,3294.456,3320.76,0.0,0.0,1747855800
profile,1747920600,20250522,0,3345.454,3283.001,3339.274,3344.803,3309.674,0.0,0.0,0.0,0.0,0.0,1747942200
entry,1747921200,20250522,-1,3345.454,3283.001,3339.274,3344.803,3309.674,3306.384,3339.275,3283.001,0.03,98.67299999999999,1747942200
profile,1748007000,20250523,0,3364.644,3286.966,3328.637,3364.644,3306.386,0.0,0.0,0.0,0.0,0.0,1748028600
invalid_geometry,1748021400,20250523,1,3364.644,3286.966,3328.637,3364.644,3306.386,3365.885,3328.636,3364.644,0.0,0.0,1748028600
profile,1748266200,20250526,0,3356.883,3323.509,3348.366,3350.625,3334.634,0.0,0.0,0.0,0.0,0.0,1748287800
profile,1748352600,20250527,0,3350.053,3287.748,3296.51,3329.285,3287.748,0.0,0.0,0.0,0.0,0.0,1748374200
profile,1748439000,20250528,0,3325.575,3291.698,3307.401,3315.341,3299.109,0.0,0.0,0.0,0.0,0.0,1748460600
entry,1748444700,20250528,-1,3325.575,3291.698,3307.401,3315.341,3299.109,3297.795,3307.402,3291.698,0.1,96.07000000000001,1748460600
profile,1748525400,20250529,0,3319.048,3245.456,3273.436,3285.318,3252.355,0.0,0.0,0.0,0.0,0.0,1748547000
invalid_geometry,1748525700,20250529,1,3319.048,3245.456,3273.436,3285.318,3252.355,3317.607,3273.435,3319.048,0.0,0.0,1748547000
profile,1748611800,20250530,0,3322.801,3282.809,3296.348,3304.471,3291.141,0.0,0.0,0.0,0.0,0.0,1748633400
entry,1748612700,20250530,-1,3322.801,3282.809,3296.348,3304.471,3291.141,3289.719,3296.349,3282.809,0.15,99.45,1748633400
profile,1748871000,20250602,0,3363.644,3299.897,3356.008,3363.644,3311.85,0.0,0.0,0.0,0.0,0.0,1748892600
invalid_geometry,1748871900,20250602,1,3363.644,3299.897,3356.008,3363.644,3311.85,3366.716,3356.007,3363.644,0.0,0.0,1748892600
profile,1748957400,20250603,0,3392.262,3349.014,3358.7,3370.188,3351.267,0.0,0.0,0.0,0.0,0.0,1748979000
invalid_geometry,1748958600,20250603,-1,3392.262,3349.014,3358.7,3370.188,3351.267,3343.974,3358.701,3349.014,0.0,0.0,1748979000
profile,1749043800,20250604,0,3372.661,3343.773,3357.766,3362.43,3350.092,0.0,0.0,0.0,0.0,0.0,1749065400
entry,1749046200,20250604,1,3372.661,3343.773,3357.766,3362.43,3350.092,3364.641,3357.765,3372.661,0.14,96.26400000000001,1749065400
profile,1749130200,20250605,0,3403.616,3361.162,3375.092,3385.042,3364.7,0.0,0.0,0.0,0.0,0.0,1749151800
entry,1749130800,20250605,1,3403.616,3361.162,3375.092,3385.042,3364.7,3387.661,3375.091,3403.616,0.08,100.56,1749151800
profile,1749216600,20250606,0,3375.709,3343.561,3357.458,3365.998,3355.617,0.0,0.0,0.0,0.0,0.0,1749238200
entry,1749216900,20250606,-1,3375.709,3343.561,3357.458,3365.998,3355.617,3353.612,3357.459,3343.561,0.25,96.175,1749238200
profile,1749475800,20250609,0,3328.676,3293.477,3315.293,3326.476,3307.777,0.0,0.0,0.0,0.0,0.0,1749497400
invalid_geometry,1749482700,20250609,1,3328.676,3293.477,3315.293,3326.476,3307.777,3330.122,3315.292,3328.676,0.0,0.0,1749497400
profile,1749562200,20250610,0,3346.195,3301.957,3329.375,3342.048,3313.477,0.0,0.0,0.0,0.0,0.0,1749583800
invalid_geometry,1749562500,20250610,1,3346.195,3301.957,3329.375,3342.048,3313.477,3344.561,3329.374,3346.195,0.0,0.0,1749583800
profile,1749648600,20250611,0,3360.68,3315.541,3339.756,3343.283,3326.826,0.0,0.0,0.0,0.0,0.0,1749670200
entry,1749662400,20250611,-1,3360.68,3315.541,3339.756,3343.283,3326.826,3326.01,3339.757,3315.541,0.07,96.22900000000001,1749670200
profile,1749735000,20250612,0,3393.855,3338.594,3374.571,3381.191,3355.287,0.0,0.0,0.0,0.0,0.0,1749756600
invalid_geometry,1749735300,20250612,1,3393.855,3338.594,3374.571,3381.191,3355.287,3387.909,3374.57,3393.855,0.0,0.0,1749756600
profile,1749821400,20250613,0,3444.541,3379.63,3423.918,3433.046,3412.762,0.0,0.0,0.0,0.0,0.0,1749843000
invalid_geometry,1749821700,20250613,1,3444.541,3379.63,3423.918,3433.046,3412.762,3442.128,3423.917,3444.541,0.0,0.0,1749843000
profile,1750080600,20250616,0,3451.283,3405.96,3447.742,3450.811,3417.291,0.0,0.0,0.0,0.0,0.0,1750102200
invalid_geometry,1750080900,20250616,-1,3451.283,3405.96,3447.742,3450.811,3417.291,3414.95,3447.743,3405.96,0.0,0.0,1750102200
profile,1750167000,20250617,0,3403.24,3373.18,3385.862,3396.351,3384.139,0.0,0.0,0.0,0.0,0.0,1750188600
entry,1750167300,20250617,1,3403.24,3373.18,3385.862,3396.351,3384.139,3396.947,3385.861,3403.24,0.09,99.77399999999999,1750188600
profile,1750253400,20250618,0,3400.01,3370.62,3386.999,3391.132,3380.111,0.0,0.0,0.0,0.0,0.0,1750275000
entry,1750253700,20250618,1,3400.01,3370.62,3386.999,3391.132,3380.111,3393.3,3386.998,3400.01,0.15,94.53,1750275000
profile,1750339800,20250619,0,3387.92,3347.498,3376.341,3384.13,3362.235,0.0,0.0,0.0,0.0,0.0,1750361400
profile,1750685400,20250623,0,3389.008,3347.051,3363.44,3368.467,3352.733,0.0,0.0,0.0,0.0,0.0,1750707000
entry,1750685700,20250623,1,3389.008,3347.051,3363.44,3368.467,3352.733,3374.195,3363.439,3389.008,0.09,96.80399999999999,1750707000
profile,1750771800,20250624,0,3366.066,3304.595,3327.326,3348.777,3305.235,0.0,0.0,0.0,0.0,0.0,1750793400
invalid_geometry,1750772400,20250624,-1,3366.066,3304.595,3327.326,3348.777,3305.235,3300.657,3327.327,3304.595,0.0,0.0,1750793400
profile,1750858200,20250625,0,3337.197,3313.878,3327.602,3332.339,3323.594,0.0,0.0,0.0,0.0,0.0,1750879800
invalid_geometry,1750858500,20250625,-1,3337.197,3313.878,3327.602,3332.339,3323.594,3312.352,3327.603,3313.878,0.0,0.0,1750879800
profile,1750944600,20250626,0,3350.45,3316.254,3334.599,3342.257,3331.215,0.0,0.0,0.0,0.0,0.0,1750966200
invalid_geometry,1750944900,20250626,-1,3350.45,3316.254,3334.599,3342.257,3331.215,3313.914,3334.6,3316.254,0.0,0.0,1750966200
profile,1751031000,20250627,0,3325.922,3256.391,3287.173,3310.712,3270.152,0.0,0.0,0.0,0.0,0.0,1751052600
invalid_geometry,1751031300,20250627,-1,3325.922,3256.391,3287.173,3310.712,3270.152,3261.583,3287.174,3256.391,0.0,0.0,1751052600
profile,1751290200,20250630,0,3296.858,3248.001,3280.318,3296.349,3271.412,0.0,0.0,0.0,0.0,0.0,1751311800
invalid_geometry,1751302800,20250630,1,3296.858,3248.001,3280.318,3296.349,3271.412,3297.442,3280.317,3296.858,0.0,0.0,1751311800
profile,1751376600,20250701,0,3358.095,3302.377,3349.099,3357.515,3319.789,0.0,0.0,0.0,0.0,0.0,1751398200
profile,1751463000,20250702,0,3351.197,3327.667,3342.986,3343.599,3331.834,0.0,0.0,0.0,0.0,0.0,1751484600
entry,1751463300,20250702,1,3351.197,3327.667,3342.986,3343.599,3331.834,3343.712,3342.985,3351.197,1.28,93.05600000000001,1751484600
profile,1751549400,20250703,0,3365.832,3311.65,3318.705,3353.415,3315.601,0.0,0.0,0.0,0.0,0.0,1751571000
profile,1751635800,20250704,0,3345.207,3323.662,3334.098,3344.534,3331.741,0.0,0.0,0.0,0.0,0.0,1751657400
entry,1751640300,20250704,-1,3345.207,3323.662,3334.098,3344.534,3331.741,3331.725,3334.099,3323.662,0.39,92.586,1751657400
profile,1751895000,20250707,0,3341.991,3296.376,3308.968,3315.382,3302.553,0.0,0.0,0.0,0.0,0.0,1751916600
entry,1751896800,20250707,1,3341.991,3296.376,3308.968,3315.382,3302.553,3316.583,3308.967,3341.991,0.12,91.392,1751916600
profile,1751981400,20250708,0,3345.937,3319.034,3334.027,3337.53,3325.76,0.0,0.0,0.0,0.0,0.0,1752003000
entry,1751981700,20250708,-1,3345.937,3319.034,3334.027,3337.53,3325.76,3324.173,3334.028,3319.034,0.1,98.55000000000001,1752003000
profile,1752067800,20250709,0,3308.083,3283.248,3289.586,3298.77,3285.059,0.0,0.0,0.0,0.0,0.0,1752089400
invalid_geometry,1752069300,20250709,1,3308.083,3283.248,3289.586,3298.77,3285.059,3303.05,3289.585,3308.083,0.0,0.0,1752089400
profile,1752154200,20250710,0,3330.398,3314.801,3326.58,3328.611,3319.838,0.0,0.0,0.0,0.0,0.0,1752175800
entry,1752155400,20250710,-1,3330.398,3314.801,3326.58,3328.611,3319.838,3319.582,3326.581,3314.801,0.14,97.986,1752175800
profile,1752240600,20250711,0,3358.568,3321.906,3333.936,3342.91,3323.434,0.0,0.0,0.0,0.0,0.0,1752262200
invalid_geometry,1752240900,20250711,1,3358.568,3321.906,3333.936,3342.91,3323.434,3357.081,3333.935,3358.568,0.0,0.0,1752262200
profile,1752499800,20250714,0,3375.158,3347.219,3368.028,3373.412,3357.987,0.0,0.0,0.0,0.0,0.0,1752521400
entry,1752500100,20250714,-1,3375.158,3347.219,3368.028,3373.412,3357.987,3357.497,3368.029,3347.219,0.09,94.788,1752521400
profile,1752586200,20250715,0,3366.436,3338.668,3362.82,3365.279,3349.949,0.0,0.0,0.0,0.0,0.0,1752607800
invalid_geometry,1752586500,20250715,-1,3366.436,3338.668,3362.82,3365.279,3349.949,3338.789,3362.821,3338.668,0.0,0.0,1752607800
profile,1752672600,20250716,0,3343.152,3325.086,3336.848,3341.458,3332.802,0.0,0.0,0.0,0.0,0.0,1752694200
entry,1752672900,20250716,-1,3343.152,3325.086,3336.848,3341.458,3332.802,3330.63,3336.849,3325.086,0.15,93.285,1752694200
profile,1752759000,20250717,0,3352.327,3309.963,3314.155,3339.53,3310.404,0.0,0.0,0.0,0.0,0.0,1752780600
invalid_geometry,1752772200,20250717,1,3352.327,3309.963,3314.155,3339.53,3310.404,3340.114,3314.154,3352.327,0.0,0.0,1752780600
profile,1752845400,20250718,0,3361.292,3331.867,3339.377,3351.484,3332.787,0.0,0.0,0.0,0.0,0.0,1752867000
invalid_geometry,1752845700,20250718,1,3361.292,3331.867,3339.377,3351.484,3332.787,3356.41,3339.376,3361.292,0.0,0.0,1752867000
profile,1753104600,20250721,0,3389.792,3345.091,3365.812,3389.792,3356.732,0.0,0.0,0.0,0.0,0.0,1753126200
invalid_geometry,1753105800,20250721,1,3389.792,3345.091,3365.812,3389.792,3356.732,3391.541,3365.811,3389.792,0.0,0.0,1753126200
profile,1753191000,20250722,0,3416.763,3383.32,3386.978,3394.816,3384.713,0.0,0.0,0.0,0.0,0.0,1753212600
invalid_geometry,1753191300,20250722,1,3416.763,3383.32,3386.978,3394.816,3384.713,3416.221,3386.977,3416.763,0.0,0.0,1753212600
profile,1753277400,20250723,0,3439.023,3408.14,3423.099,3429.372,3421.008,0.0,0.0,0.0,0.0,0.0,1753299000
invalid_geometry,1753277700,20250723,-1,3439.023,3408.14,3423.099,3429.372,3421.008,3406.179,3423.1,3408.14,0.0,0.0,1753299000
profile,1753363800,20250724,0,3393.518,3351.395,3362.584,3386.059,3356.222,0.0,0.0,0.0,0.0,0.0,1753385400
profile,1753450200,20250725,0,3373.634,3336.411,3341.258,3362.002,3337.186,0.0,0.0,0.0,0.0,0.0,1753471800
invalid_geometry,1753453200,20250725,-1,3373.634,3336.411,3341.258,3362.002,3337.186,3336.297,3341.259,3336.411,0.0,0.0,1753471800
profile,1753709400,20250728,0,3345.431,3323.897,3336.795,3341.618,3332.645,0.0,0.0,0.0,0.0,0.0,1753731000
invalid_geometry,1753709700,20250728,-1,3345.431,3323.897,3336.795,3341.618,3332.645,3324.436,3336.796,3323.897,0.0,0.0,1753731000
profile,1753795800,20250729,0,3330.056,3307.923,3317.952,3322.678,3311.612,0.0,0.0,0.0,0.0,0.0,1753817400
entry,1753799100,20250729,1,3330.056,3307.923,3317.952,3322.678,3311.612,3323.62,3317.951,3330.056,0.17,96.373,1753817400
profile,1753882200,20250730,0,3334.132,3304.262,3328.998,3333.199,3325.731,0.0,0.0,0.0,0.0,0.0,1753903800
invalid_geometry,1753882500,20250730,-1,3334.132,3304.262,3328.998,3333.199,3325.731,3307.291,3328.999,3304.262,0.0,0.0,1753903800
profile,1753968600,20250731,0,3314.919,3274.281,3305.818,3311.532,3293.33,0.0,0.0,0.0,0.0,0.0,1753990200
entry,1753977000,20250731,-1,3314.919,3274.281,3305.818,3311.532,3293.33,3293.083,3305.819,3274.281,0.08,101.88799999999999,1753990200
timed_exit,1753990200,20250731,0,3314.919,3274.281,3305.818,3311.532,3293.33,0.0,0.0,0.0,0.0,0.0,1753990200
profile,1754055000,20250801,0,3354.711,3281.67,3291.181,3317.43,3284.713,0.0,0.0,0.0,0.0,0.0,1754076600
invalid_geometry,1754055300,20250801,1,3354.711,3281.67,3291.181,3317.43,3284.713,3347.097,3291.18,3354.711,0.0,0.0,1754076600
profile,1754314200,20250804,0,3377.524,3345.086,3359.109,3361.643,3351.168,0.0,0.0,0.0,0.0,0.0,1754335800
invalid_geometry,1754314500,20250804,1,3377.524,3345.086,3359.109,3361.643,3351.168,3376.087,3359.108,3377.524,0.0,0.0,1754335800
profile,1754400600,20250805,0,3382.478,3349.883,3369.746,3381.799,3364.822,0.0,0.0,0.0,0.0,0.0,1754422200
invalid_geometry,1754403900,20250805,1,3382.478,3349.883,3369.746,3381.799,3364.822,3382.514,3369.745,3382.478,0.0,0.0,1754422200
profile,1754487000,20250806,0,3385.42,3358.171,3375.344,3385.42,3366.119,0.0,0.0,0.0,0.0,0.0,1754508600
profile,1754573400,20250807,0,3397.526,3365.272,3378.543,3385.767,3374.007,0.0,0.0,0.0,0.0,0.0,1754595000
entry,1754573700,20250807,1,3397.526,3365.272,3378.543,3385.767,3374.007,3388.712,3378.542,3397.526,0.1,101.7,1754595000
profile,1754659800,20250808,0,3409.099,3380.441,3400.293,3402.233,3389.098,0.0,0.0,0.0,0.0,0.0,1754681400
entry,1754662500,20250808,-1,3409.099,3380.441,3400.293,3402.233,3389.098,3388.147,3400.294,3380.441,0.08,97.176,1754681400
profile,1754919000,20250811,0,3401.899,3344.427,3360.292,3377.354,3348.019,0.0,0.0,0.0,0.0,0.0,1754940600
invalid_geometry,1754923200,20250811,-1,3401.899,3344.427,3360.292,3377.354,3348.019,3344.495,3360.293,3344.427,0.0,0.0,1754940600
profile,1755005400,20250812,0,3358.256,3336.148,3350.772,3353.19,3344.669,0.0,0.0,0.0,0.0,0.0,1755027000
entry,1755006000,20250812,-1,3358.256,3336.148,3350.772,3353.19,3344.669,3341.06,3350.773,3336.148,0.1,97.13,1755027000
profile,1755091800,20250813,0,3367.201,3342.758,3351.288,3360.072,3346.577,0.0,0.0,0.0,0.0,0.0,1755113400
entry,1755092400,20250813,1,3367.201,3342.758,3351.288,3360.072,3346.577,3361.673,3351.287,3367.201,0.09,93.47399999999999,1755113400
profile,1755178200,20250814,0,3374.925,3341.527,3358.052,3371.446,3353.355,0.0,0.0,0.0,0.0,0.0,1755199800
invalid_geometry,1755178500,20250814,-1,3374.925,3341.527,3358.052,3371.446,3353.355,3346.387,3358.053,3341.527,0.0,0.0,1755199800
profile,1755264600,20250815,0,3348.827,3332.264,3342.012,3345.376,3338.303,0.0,0.0,0.0,0.0,0.0,1755286200
entry,1755264900,20250815,-1,3348.827,3332.264,3342.012,3345.376,3338.303,3336.601,3342.013,3332.264,0.18,97.41600000000001,1755286200
profile,1755523800,20250818,0,3358.498,3323.583,3348.86,3351.224,3341.041,0.0,0.0,0.0,0.0,0.0,1755545400
entry,1755524100,20250818,-1,3358.498,3323.583,3348.86,3351.224,3341.041,3340.863,3348.861,3323.583,0.12,95.97599999999998,1755545400
timed_exit,1755545400,20250818,0,3358.498,3323.583,3348.86,3351.224,3341.041,0.0,0.0,0.0,0.0,0.0,1755545400
profile,1755610200,20250819,0,3345.38,3325.765,3337.922,3341.907,3333.529,0.0,0.0,0.0,0.0,0.0,1755631800
entry,1755614100,20250819,-1,3345.38,3325.765,3337.922,3341.907,3333.529,3332.892,3337.923,3325.765,0.19,95.589,1755631800
profile,1755696600,20250820,0,3344.981,3311.556,3326.005,3331.402,3314.341,0.0,0.0,0.0,0.0,0.0,1755718200
invalid_geometry,1755696900,20250820,1,3344.981,3311.556,3326.005,3331.402,3314.341,3342.791,3326.004,3344.981,0.0,0.0,1755718200
profile,1755783000,20250821,0,3352.172,3325.231,3340.245,3344.875,3337.018,0.0,0.0,0.0,0.0,0.0,1755804600
entry,1755783300,20250821,1,3352.172,3325.231,3340.245,3344.875,3337.018,3346.896,3340.244,3352.172,0.15,99.78,1755804600
profile,1755869400,20250822,0,3340.72,3321.473,3329.593,3334.906,3325.683,0.0,0.0,0.0,0.0,0.0,1755891000
invalid_geometry,1755871500,20250822,1,3340.72,3321.473,3329.593,3334.906,3325.683,3348.196,3329.592,3340.72,0.0,0.0,1755891000
profile,1756128600,20250825,0,3371.594,3359.891,3365.682,3368.059,3363.67,0.0,0.0,0.0,0.0,0.0,1756150200
entry,1756129500,20250825,1,3371.594,3359.891,3365.682,3368.059,3363.67,3368.139,3365.681,3371.594,0.39,95.86200000000001,1756150200
profile,1756215000,20250826,0,3386.568,3351.287,3378.299,3379.218,3371.133,0.0,0.0,0.0,0.0,0.0,1756236600
entry,1756220400,20250826,1,3386.568,3351.287,3378.299,3379.218,3371.133,3379.443,3378.298,3386.568,0.85,97.325,1756236600
profile,1756301400,20250827,0,3393.634,3373.778,3377.604,3384.327,3374.192,0.0,0.0,0.0,0.0,0.0,1756323000
entry,1756306500,20250827,1,3393.634,3373.778,3377.604,3384.327,3374.192,3385.451,3377.603,3393.634,0.13,102.024,1756323000
profile,1756387800,20250828,0,3408.871,3384.717,3395.159,3408.871,3391.51,0.0,0.0,0.0,0.0,0.0,1756409400
invalid_geometry,1756389300,20250828,1,3408.871,3384.717,3395.159,3408.871,3391.51,3409.943,3395.158,3408.871,0.0,0.0,1756409400
profile,1756474200,20250829,0,3420.477,3404.389,3410.003,3413.271,3406.735,0.0,0.0,0.0,0.0,0.0,1756495800
invalid_geometry,1756474500,20250829,1,3420.477,3404.389,3410.003,3413.271,3406.735,3421.058,3410.002,3420.477,0.0,0.0,1756495800
profile,1756733400,20250901,0,3490.008,3437.138,3469.906,3483.95,3465.776,0.0,0.0,0.0,0.0,0.0,1756755000
profile,1756819800,20250902,0,3508.821,3470.298,3484.543,3491.967,3474.712,0.0,0.0,0.0,0.0,0.0,1756841400
entry,1756821900,20250902,1,3508.821,3470.298,3484.543,3491.967,3474.712,3493.138,3484.542,3508.821,0.12,103.152,1756841400
profile,1756906200,20250903,0,3561.381,3526.36,3537.486,3542.411,3529.643,0.0,0.0,0.0,0.0,0.0,1756927800
invalid_geometry,1756906500,20250903,1,3561.381,3526.36,3537.486,3542.411,3529.643,3557.448,3537.485,3561.381,0.0,0.0,1756927800
profile,1756992600,20250904,0,3564.305,3511.252,3540.818,3561.542,3535.568,0.0,0.0,0.0,0.0,0.0,1757014200
profile,1757079000,20250905,0,3586.939,3539.989,3551.482,3560.041,3540.967,0.0,0.0,0.0,0.0,0.0,1757100600
invalid_geometry,1757079300,20250905,1,3586.939,3539.989,3551.482,3560.041,3540.967,3580.629,3551.481,3586.939,0.0,0.0,1757100600
profile,1757338200,20250908,0,3632.209,3579.7,3587.631,3613.065,3580.794,0.0,0.0,0.0,0.0,0.0,1757359800
invalid_geometry,1757338500,20250908,1,3632.209,3579.7,3587.631,3613.065,3580.794,3625.685,3587.63,3632.209,0.0,0.0,1757359800
profile,1757424600,20250909,0,3661.807,3628.276,3653.599,3656.219,3643.644,0.0,0.0,0.0,0.0,0.0,1757446200
invalid_geometry,1757424900,20250909,1,3661.807,3628.276,3653.599,3656.219,3643.644,3663.784,3653.598,3661.807,0.0,0.0,1757446200
profile,1757511000,20250910,0,3657.657,3620.26,3646.165,3657.267,3634.284,0.0,0.0,0.0,0.0,0.0,1757532600
profile,1757597400,20250911,0,3649.214,3613.213,3629.526,3644.714,3624.088,0.0,0.0,0.0,0.0,0.0,1757619000
entry,1757597700,20250911,-1,3649.214,3613.213,3629.526,3644.714,3624.088,3623.633,3629.527,3613.213,0.17,100.19800000000001,1757619000
profile,1757683800,20250912,0,3656.7,3630.577,3649.489,3655.612,3643.366,0.0,0.0,0.0,0.0,0.0,1757705400
entry,1757693400,20250912,-1,3656.7,3630.577,3649.489,3655.612,3643.366,3643.088,3649.49,3630.577,0.16,102.43200000000002,1757705400
profile,1757943000,20250915,0,3653.927,3626.621,3644.398,3645.963,3637.145,0.0,0.0,0.0,0.0,0.0,1757964600
invalid_geometry,1757943300,20250915,1,3653.927,3626.621,3644.398,3645.963,3637.145,3655.0,3644.397,3653.927,0.0,0.0,1757964600
profile,1758029400,20250916,0,3699.555,3674.798,3678.537,3692.592,3676.603,0.0,0.0,0.0,0.0,0.0,1758051000
invalid_geometry,1758029700,20250916,1,3699.555,3674.798,3678.537,3692.592,3676.603,3695.69,3678.536,3699.555,0.0,0.0,1758051000
profile,1758115800,20250917,0,3695.458,3659.923,3677.876,3683.983,3666.216,0.0,0.0,0.0,0.0,0.0,1758137400
entry,1758120000,20250917,1,3695.458,3659.923,3677.876,3683.983,3666.216,3685.158,3677.875,3695.458,0.14,101.962,1758137400
profile,1758202200,20250918,0,3673.101,3633.947,3658.214,3669.022,3653.524,0.0,0.0,0.0,0.0,0.0,1758223800
entry,1758202500,20250918,-1,3673.101,3633.947,3658.214,3669.022,3653.524,3647.505,3658.215,3633.947,0.1,107.10000000000001,1758223800
