epoch,balance,equity,used_margin,free_margin,range_positions,atr_positions,donchian_positions
1788220800,10000.0,10000.0,0.0,10000.0,0,0,0
1788221100,10000.0,10000.0,0.0,10000.0,0,0,0
1788221400,10000.0,10000.0,0.0,10000.0,0,0,0
1788221700,10000.0,10000.0,0.0,10000.0,0,0,0
1788222000,10000.0,10000.0,0.0,10000.0,0,0,0
1788222300,10000.0,10000.0,0.0,10000.0,0,0,0
1788222600,10000.0,10000.0,0.0,10000.0,0,0,0
1788222900,10000.0,10000.0,0.0,10000.0,0,0,0
1788223201,10000.0,10000.0,0.0,10000.0,0,0,0
1788223500,10000.0,10000.0,0.0,10000.0,0,0,0
1788223800,10000.0,10000.0,0.0,10000.0,0,0,0
1788224100,10000.0,10000.0,0.0,10000.0,0,0,0
1788224400,10000.0,10000.0,0.0,10000.0,0,0,0
1788224700,10000.0,10000.0,0.0,10000.0,0,0,0
1788225000,10000.0,10000.0,0.0,10000.0,0,0,0
1788225300,10000.0,10000.0,0.0,10000.0,0,0,0
1788225600,10000.0,10000.0,0.0,10000.0,0,0,0
1788225900,10000.0,10000.0,0.0,10000.0,0,0,0
1788226200,10000.0,10000.0,0.0,10000.0,0,0,0
1788226500,10000.0,10000.0,0.0,10000.0,0,0,0
1788226800,10000.0,10000.0,0.0,10000.0,0,0,0
1788227100,10000.0,10000.0,0.0,10000.0,0,0,0
1788227400,10000.0,10000.0,0.0,10000.0,0,0,0
1788227700,10000.0,10000.0,0.0,10000.0,0,0,0
1788228000,10000.0,10000.0,0.0,10000.0,0,0,0
1788228300,10000.0,10000.0,0.0,10000.0,0,0,0
1788228600,10000.0,10000.0,0.0,10000.0,0,0,0
1788228900,10000.0,10000.0,0.0,10000.0,0,0,0
1788229200,10000.0,10000.0,0.0,10000.0,0,0,0
1788229500,10000.0,10000.0,0.0,10000.0,0,0,0
1788229800,10000.0,10000.0,0.0,10000.0,0,0,0
1788230100,10000.0,10000.0,0.0,10000.0,0,0,0
1788230400,10000.0,10000.0,0.0,10000.0,0,0,0
1788230700,10000.0,10000.0,0.0,10000.0,0,0,0
1788231000,10000.0,10000.0,0.0,10000.0,0,0,0
1788231300,10000.0,10000.0,0.0,10000.0,0,0,0
1788231600,10000.0,10000.0,0.0,10000.0,0,0,0
1788231900,10000.0,10000.0,0.0,10000.0,0,0,0
1788232200,10000.0,10000.0,0.0,10000.0,0,0,0
1788232500,10000.0,10000.0,0.0,10000.0,0,0,0
1788232800,10000.0,10000.0,0.0,10000.0,0,0,0
1788233100,10000.0,10000.0,0.0,10000.0,0,0,0
1788233400,10000.0,10000.0,0.0,10000.0,0,0,0
1788233700,10000.0,10000.0,0.0,10000.0,0,0,0
1788234000,10000.0,10000.0,0.0,10000.0,0,0,0
1788234300,10000.0,10000.0,0.0,10000.0,0,0,0
1788234600,10000.0,10000.0,0.0,10000.0,0,0,0
1788234900,10000.0,10000.0,0.0,10000.0,0,0,0
1788235200,10000.0,10000.0,0.0,10000.0,0,0,0
1788235501,10000.0,10000.0,0.0,10000.0,0,0,0
1788235800,10000.0,10000.0,0.0,10000.0,0,0,0
1788236100,10000.0,10000.0,0.0,10000.0,0,0,0
1788236400,10000.0,10000.0,0.0,10000.0,0,0,0
1788236700,10000.0,10000.0,0.0,10000.0,0,0,0
1788237000,10000.0,10000.0,0.0,10000.0,0,0,0
1788237300,10000.0,10000.0,0.0,10000.0,0,0,0
1788237600,10000.0,10000.0,0.0,10000.0,0,0,0
1788237900,10000.0,10000.0,0.0,10000.0,0,0,0
1788238200,10000.0,10000.0,0.0,10000.0,0,0,0
1788238500,10000.0,10000.0,0.0,10000.0,0,0,0
1788238800,10000.0,10000.0,0.0,10000.0,0,0,0
1788239100,10000.0,10000.0,0.0,10000.0,0,0,0
1788239400,10000.0,10000.0,0.0,10000.0,0,0,0
1788239700,10000.0,10000.0,0.0,10000.0,0,0,0
1788240000,10000.0,10000.0,0.0,10000.0,0,0,0
1788240300,10000.0,10000.0,0.0,10000.0,0,0,0
1788240600,10000.0,10000.0,0.0,10000.0,0,0,0
1788240900,10000.0,10000.0,0.0,10000.0,0,0,0
1788241200,10000.0,10000.0,0.0,10000.0,0,0,0
1788241500,10000.0,10000.0,0.0,10000.0,0,0,0
1788241800,10000.0,10000.0,0.0,10000.0,0,0,0
1788242100,10000.0,10000.0,0.0,10000.0,0,0,0
1788242400,10000.0,10000.0,0.0,10000.0,0,0,0
1788242700,10000.0,10000.0,0.0,10000.0,0,0,0
1788243000,10000.0,10000.0,0.0,10000.0,0,0,0
1788243300,10000.0,10000.0,0.0,10000.0,0,0,0
1788243600,10000.0,10000.0,0.0,10000.0,0,0,0
1788243900,10000.0,10000.0,0.0,10000.0,0,0,0
1788244200,10000.0,10000.0,0.0,10000.0,0,0,0
1788244500,10000.0,10000.0,0.0,10000.0,0,0,0
1788244800,10000.0,10000.0,0.0,10000.0,0,0,0
1788245100,10000.0,10000.0,0.0,10000.0,0,0,0
1788245400,10000.0,10000.0,0.0,10000.0,0,0,0
1788245700,10000.0,10000.0,0.0,10000.0,0,0,0
1788246000,10000.0,10000.0,0.0,10000.0,0,0,0
1788246300,10000.0,10000.0,0.0,10000.0,0,0,0
1788246600,10000.0,10000.0,0.0,10000.0,0,0,0
1788246900,10000.0,10000.0,0.0,10000.0,0,0,0
1788247200,10000.0,10000.0,0.0,10000.0,0,0,0
1788247500,10000.0,10000.0,0.0,10000.0,0,0,0
1788247800,10000.0,10000.0,0.0,10000.0,0,0,0
1788248100,10000.0,10000.0,0.0,10000.0,0,0,0
1788248400,10000.0,10000.0,0.0,10000.0,0,0,0
1788248700,10000.0,10000.0,0.0,10000.0,0,0,0
1788249000,10000.0,10000.0,0.0,10000.0,0,0,0
1788249300,10000.0,10000.0,0.0,10000.0,0,0,0
1788249600,10000.0,10000.0,0.0,10000.0,0,0,0
1788249900,10000.0,10000.0,0.0,10000.0,0,0,0
1788250200,9999.33,9997.46,117.86,9879.6,1,0,1
1788250500,9999.33,9952.23,117.86,9834.37,1,0,1
1788250800,9999.33,9993.53,117.86,9875.67,1,0,1
1788251100,9999.33,10048.2,117.86,9930.34,1,0,1
1788251400,9999.33,10076.66,117.86,9958.8,1,0,1
1788251700,10073.37,10106.41,109.07,9997.34,1,0,0
1788252000,10073.37,10119.78,109.07,10010.71,1,0,0
1788252300,10073.37,10170.69,109.07,10061.62,1,0,0
1788252600,10073.37,10180.72,109.07,10071.65,1,0,0
1788252900,10073.37,10164.85,109.07,10055.78,1,0,0
1788253200,10073.15,10196.16,117.81,10078.35,1,1,0
1788253500,10073.15,10170.88,117.81,10053.07,1,1,0
1788253800,10073.15,10198.14,117.81,10080.33,1,1,0
1788254100,10073.15,10175.35,117.81,10057.54,1,1,0
1788254400,10073.15,10164.03,117.81,10046.22,1,1,0
1788254700,10073.15,10182.93,117.81,10065.12,1,1,0
1788255000,10073.15,10194.32,117.81,10076.51,1,1,0
1788255300,10073.15,10201.16,117.81,10083.35,1,1,0
1788255600,10073.15,10229.97,117.81,10112.16,1,1,0
1788255900,10073.15,10220.69,117.81,10102.88,1,1,0
1788256200,10073.15,10212.59,117.81,10094.78,1,1,0
1788256500,10073.15,10213.8,117.81,10095.99,1,1,0
1788256800,10073.15,10230.49,117.81,10112.68,1,1,0
1788257100,10073.15,10203.73,117.81,10085.92,1,1,0
1788257400,10073.15,10184.3,117.81,10066.49,1,1,0
1788257700,10073.15,10144.36,117.81,10026.55,1,1,0
1788258000,10073.15,10136.21,117.81,10018.4,1,1,0
1788258300,10073.15,10104.94,117.81,9987.13,1,1,0
1788258600,10073.15,10097.43,117.81,9979.62,1,1,0
1788258900,10073.15,10094.29,117.81,9976.48,1,1,0
1788259200,10073.15,10102.95,117.81,9985.14,1,1,0
1788259500,10073.15,10129.31,117.81,10011.5,1,1,0
1788259800,10073.15,10154.46,117.81,10036.65,1,1,0
1788260100,10073.15,10177.12,117.81,10059.31,1,1,0
1788260400,10073.15,10168.07,117.81,10050.26,1,1,0
1788260700,10073.15,10166.74,117.81,10048.93,1,1,0
1788261000,10073.15,10152.65,117.81,10034.84,1,1,0
1788261300,10073.15,10162.27,117.81,10044.46,1,1,0
1788261600,10073.15,10176.88,117.81,10059.07,1,1,0
1788261900,10073.15,10175.73,117.81,10057.92,1,1,0
1788262200,10073.15,10162.42,117.81,10044.61,1,1,0
1788262500,10073.15,10150.61,117.81,10032.8,1,1,0
1788262800,10073.15,10118.63,117.81,10000.82,1,1,0
1788263100,10073.15,10117.16,117.81,9999.35,1,1,0
1788263400,10073.15,10093.58,117.81,9975.77,1,1,0
1788263700,10073.15,10117.36,117.81,9999.55,1,1,0
1788264000,10073.15,10154.43,117.81,10036.62,1,1,0
1788264300,10073.15,10163.75,117.81,10045.94,1,1,0
1788264600,10073.15,10170.35,117.81,10052.54,1,1,0
1788264900,10073.15,10162.39,117.81,10044.58,1,1,0
1788265200,10073.15,10147.24,117.81,10029.43,1,1,0
1788265500,10073.15,10175.46,117.81,10057.65,1,1,0
1788265800,10073.15,10165.91,117.81,10048.1,1,1,0
1788266100,10073.15,10196.76,117.81,10078.95,1,1,0
1788266400,10073.15,10195.76,117.81,10077.95,1,1,0
1788266700,10073.15,10183.4,117.81,10065.59,1,1,0
1788267000,10073.15,10177.17,117.81,10059.36,1,1,0
1788267300,10073.15,10176.47,117.81,10058.66,1,1,0
1788267600,10073.15,10196.07,117.81,10078.26,1,1,0
1788267900,10073.15,10293.12,117.81,10175.31,1,1,0
1788268200,10073.15,10315.82,117.81,10198.01,1,1,0
1788268500,10073.15,10325.13,117.81,10207.32,1,1,0
1788268800,10073.15,10299.29,117.81,10181.48,1,1,0
1788269100,10073.15,10291.24,117.81,10173.43,1,1,0
1788269400,10073.15,10259.64,117.81,10141.83,1,1,0
1788269700,10073.15,10212.37,117.81,10094.56,1,1,0
1788270000,10073.15,10217.44,117.81,10099.63,1,1,0
1788270300,10073.15,10185.59,117.81,10067.78,1,1,0
1788270600,10073.15,10195.77,117.81,10077.96,1,1,0
1788270900,10073.15,10242.24,117.81,10124.43,1,1,0
1788271200,10073.15,10196.23,117.81,10078.42,1,1,0
1788271500,10073.15,10265.1,117.81,10147.29,1,1,0
1788271800,10073.15,10193.67,117.81,10075.86,1,1,0
1788272100,10073.15,10176.51,117.81,10058.7,1,1,0
1788272400,10073.15,10190.87,117.81,10073.06,1,1,0
1788272700,10073.15,10172.25,117.81,10054.44,1,1,0
1788273000,10073.15,10213.09,117.81,10095.28,1,1,0
1788273300,10073.15,10177.4,117.81,10059.59,1,1,0
1788273600,10073.15,10218.0,117.81,10100.19,1,1,0
1788273900,10073.15,10220.02,117.81,10102.21,1,1,0
1788274200,10073.15,10252.86,117.81,10135.05,1,1,0
1788274500,10073.15,10262.24,117.81,10144.43,1,1,0
1788274800,10232.29,10273.31,8.74,10264.57,0,1,0
1788275100,10232.29,10284.44,8.74,10275.7,0,1,0
1788275400,10232.29,10274.67,8.74,10265.93,0,1,0
1788275700,10232.29,10285.06,8.74,10276.32,0,1,0
1788276000,10232.29,10261.84,8.74,10253.1,0,1,0
1788276300,10232.29,10266.01,8.74,10257.27,0,1,0
1788276600,10232.29,10251.99,8.74,10243.25,0,1,0
1788276900,10232.29,10263.44,8.74,10254.7,0,1,0
1788277200,10232.29,10257.49,8.74,10248.75,0,1,0
1788277500,10232.29,10232.33,8.74,10223.59,0,1,0
1788277800,10232.29,10230.29,8.74,10221.55,0,1,0
1788278100,10232.29,10224.03,8.74,10215.29,0,1,0
1788278400,10232.29,10222.24,8.74,10213.5,0,1,0
1788278700,10232.29,10227.49,8.74,10218.75,0,1,0
1788279000,10232.29,10242.95,8.74,10234.21,0,1,0
1788279300,10232.29,10264.82,8.74,10256.08,0,1,0
1788279600,10232.29,10279.54,8.74,10270.8,0,1,0
1788279900,10232.29,10283.6,8.74,10274.86,0,1,0
1788280200,10232.29,10303.72,8.74,10294.98,0,1,0
1788280500,10232.29,10318.88,8.74,10310.14,0,1,0
1788280800,10232.29,10294.93,8.74,10286.19,0,1,0
1788281100,10232.29,10295.97,8.74,10287.23,0,1,0
1788281400,10232.29,10286.5,8.74,10277.76,0,1,0
1788281700,10232.29,10294.68,8.74,10285.94,0,1,0
1788282000,10232.29,10309.71,8.74,10300.97,0,1,0
1788282300,10232.29,10327.83,8.74,10319.09,0,1,0
1788282600,10232.29,10329.87,8.74,10321.13,0,1,0
1788282900,10232.29,10328.72,8.74,10319.98,0,1,0
1788283200,10232.29,10328.55,8.74,10319.81,0,1,0
1788283500,10232.29,10324.78,8.74,10316.04,0,1,0
1788283800,10232.29,10315.34,8.74,10306.6,0,1,0
1788284100,10232.29,10323.92,8.74,10315.18,0,1,0
1788284400,10232.29,10330.56,8.74,10321.82,0,1,0
1788284700,10232.29,10339.19,8.74,10330.45,0,1,0
1788285000,10232.29,10343.81,8.74,10335.07,0,1,0
1788285300,10232.29,10340.73,8.74,10331.99,0,1,0
1788285600,10232.29,10342.4,8.74,10333.66,0,1,0
1788285900,10232.29,10358.58,8.74,10349.84,0,1,0
1788286200,10232.29,10368.52,8.74,10359.78,0,1,0
1788286500,10232.29,10368.29,8.74,10359.55,0,1,0
1788286800,10232.29,10352.98,8.74,10344.24,0,1,0
1788287100,10232.29,10349.32,8.74,10340.58,0,1,0
1788287400,10232.29,10364.92,8.74,10356.18,0,1,0
1788287700,10232.29,10378.68,8.74,10369.94,0,1,0
1788288000,10232.29,10395.27,8.74,10386.53,0,1,0
1788288300,10232.29,10395.96,8.74,10387.22,0,1,0
1788288600,10232.29,10387.35,8.74,10378.61,0,1,0
1788288900,10232.29,10397.15,8.74,10388.41,0,1,0
1788289200,10232.29,10388.8,8.74,10380.06,0,1,0
1788289500,10232.29,10387.97,8.74,10379.23,0,1,0
1788289800,10232.29,10388.49,8.74,10379.75,0,1,0
1788290100,10232.29,10366.17,8.74,10357.43,0,1,0
1788290400,10232.29,10374.74,8.74,10366.0,0,1,0
1788290700,10232.29,10379.38,8.74,10370.64,0,1,0
1788291000,10232.29,10376.26,8.74,10367.52,0,1,0
1788291300,10232.29,10394.44,8.74,10385.7,0,1,0
1788291600,10232.29,10422.28,8.74,10413.54,0,1,0
1788291900,10232.29,10408.39,8.74,10399.65,0,1,0
1788292200,10232.29,10405.29,8.74,10396.55,0,1,0
1788292500,10232.29,10403.1,8.74,10394.36,0,1,0
1788292800,10232.29,10407.14,8.74,10398.4,0,1,0
1788293100,10232.29,10402.49,8.74,10393.75,0,1,0
1788293400,10232.29,10397.73,8.74,10388.99,0,1,0
1788293700,10232.29,10411.69,8.74,10402.95,0,1,0
1788294000,10232.29,10402.99,8.74,10394.25,0,1,0
1788294300,10232.29,10403.6,8.74,10394.86,0,1,0
1788294600,10232.29,10410.21,8.74,10401.47,0,1,0
1788294900,10232.29,10411.22,8.74,10402.48,0,1,0
1788295200,10232.29,10404.82,8.74,10396.08,0,1,0
1788295500,10232.29,10403.91,8.74,10395.17,0,1,0
1788295800,10232.29,10400.84,8.74,10392.1,0,1,0
1788296100,10232.29,10399.33,8.74,10390.59,0,1,0
1788296438,10232.29,10399.09,8.74,10390.35,0,1,0
1788296700,10232.29,10399.09,8.74,10390.35,0,1,0
1788297001,10232.29,10399.09,8.74,10390.35,0,1,0
1788297300,10232.29,10399.09,8.74,10390.35,0,1,0
1788297605,10232.29,10399.09,8.74,10390.35,0,1,0
1788297907,10232.29,10399.09,8.74,10390.35,0,1,0
1788298202,10232.29,10399.09,8.74,10390.35,0,1,0
1788298501,10232.29,10399.09,8.74,10390.35,0,1,0
1788298800,10232.29,10399.09,8.74,10390.35,0,1,0
1788299102,10232.29,10399.09,8.74,10390.35,0,1,0
1788299402,10232.29,10399.09,8.74,10390.35,0,1,0
1788299702,10232.29,10399.09,8.74,10390.35,0,1,0
1788300000,10232.29,10399.09,8.74,10390.35,0,1,0
1788300300,10232.29,10390.59,8.74,10381.85,0,1,0
1788300600,10232.29,10394.82,8.74,10386.08,0,1,0
1788300900,10232.29,10397.54,8.74,10388.8,0,1,0
1788301200,10232.29,10405.07,8.74,10396.33,0,1,0
1788301500,10232.29,10402.19,8.74,10393.45,0,1,0
1788301800,10232.29,10403.88,8.74,10395.14,0,1,0
1788302100,10232.29,10404.84,8.74,10396.1,0,1,0
1788302400,10232.29,10403.91,8.74,10395.17,0,1,0
1788302700,10232.29,10402.03,8.74,10393.29,0,1,0
1788303000,10232.29,10401.18,8.74,10392.44,0,1,0
1788303301,10232.29,10396.66,8.74,10387.92,0,1,0
1788303600,10232.29,10396.8,8.74,10388.06,0,1,0
1788303900,10232.29,10395.95,8.74,10387.21,0,1,0
1788304202,10232.29,10391.28,8.74,10382.54,0,1,0
1788304500,10232.29,10392.79,8.74,10384.05,0,1,0
1788304800,10232.29,10395.24,8.74,10386.5,0,1,0
1788305100,10232.29,10404.93,8.74,10396.19,0,1,0
1788305400,10232.29,10391.65,8.74,10382.91,0,1,0
1788305700,10232.29,10381.75,8.74,10373.01,0,1,0
1788306000,10232.29,10375.81,8.74,10367.07,0,1,0
1788306300,10232.29,10379.57,8.74,10370.83,0,1,0
1788306600,10232.29,10387.11,8.74,10378.37,0,1,0
1788306900,10232.29,10398.52,8.74,10389.78,0,1,0
1788307200,10232.29,10415.88,8.74,10407.14,0,1,0
1788307500,10232.29,10396.83,8.74,10388.09,0,1,0
1788307800,10232.29,10422.45,8.74,10413.71,0,1,0
1788308100,10232.29,10401.78,8.74,10393.04,0,1,0
1788308400,10232.29,10403.38,8.74,10394.64,0,1,0
1788308700,10232.29,10395.52,8.74,10386.78,0,1,0
1788309000,10232.29,10411.07,8.74,10402.33,0,1,0
1788309300,10232.29,10424.43,8.74,10415.69,0,1,0
1788309600,10232.29,10407.28,8.74,10398.54,0,1,0
1788309900,10232.29,10395.39,8.74,10386.65,0,1,0
1788310200,10232.29,10420.33,8.74,10411.59,0,1,0
1788310500,10232.29,10455.37,8.74,10446.63,0,1,0
1788310800,10232.29,10451.55,8.74,10442.81,0,1,0
1788311100,10232.29,10466.75,8.74,10458.01,0,1,0
1788311400,10232.29,10478.83,8.74,10470.09,0,1,0
1788311700,10232.29,10444.89,8.74,10436.15,0,1,0
1788312000,10232.29,10432.5,8.74,10423.76,0,1,0
1788312300,10232.29,10427.22,8.74,10418.48,0,1,0
1788312600,10232.29,10444.53,8.74,10435.79,0,1,0
1788312900,10232.29,10476.89,8.74,10468.15,0,1,0
1788313200,10232.29,10483.57,8.74,10474.83,0,1,0
1788313500,10232.29,10476.97,8.74,10468.23,0,1,0
1788313800,10232.29,10489.75,8.74,10481.01,0,1,0
1788314100,10232.29,10524.86,8.74,10516.12,0,1,0
1788314400,10232.29,10550.29,8.74,10541.55,0,1,0
1788314700,10232.29,10531.36,8.74,10522.62,0,1,0
1788315000,10232.29,10543.13,8.74,10534.39,0,1,0
1788315300,10232.29,10530.04,8.74,10521.3,0,1,0
1788315600,10232.29,10513.04,8.74,10504.3,0,1,0
1788315900,10232.29,10501.32,8.74,10492.58,0,1,0
1788316200,10232.29,10496.26,8.74,10487.52,0,1,0
1788316500,10232.29,10483.73,8.74,10474.99,0,1,0
1788316800,10232.29,10466.66,8.74,10457.92,0,1,0
1788317100,10232.29,10476.62,8.74,10467.88,0,1,0
1788317400,10232.29,10472.19,8.74,10463.45,0,1,0
1788317700,10232.29,10491.91,8.74,10483.17,0,1,0
1788318000,10232.29,10503.57,8.74,10494.83,0,1,0
1788318300,10232.29,10509.82,8.74,10501.08,0,1,0
1788318600,10232.29,10517.29,8.74,10508.55,0,1,0
1788318900,10232.29,10511.47,8.74,10502.73,0,1,0
1788319200,10232.29,10523.3,8.74,10514.56,0,1,0
1788319500,10232.29,10540.74,8.74,10532.0,0,1,0
1788319800,10232.29,10540.75,8.74,10532.01,0,1,0
1788320100,10232.29,10574.14,8.74,10565.4,0,1,0
1788320400,10232.29,10549.99,8.74,10541.25,0,1,0
1788320700,10232.29,10561.51,8.74,10552.77,0,1,0
1788321000,10232.29,10519.07,8.74,10510.33,0,1,0
1788321300,10232.29,10509.99,8.74,10501.25,0,1,0
1788321600,10232.29,10502.12,8.74,10493.38,0,1,0
1788321900,10232.29,10499.53,8.74,10490.79,0,1,0
1788322200,10232.29,10495.33,8.74,10486.59,0,1,0
1788322500,10232.29,10498.33,8.74,10489.59,0,1,0
1788322800,10232.29,10501.72,8.74,10492.98,0,1,0
1788323100,10232.29,10498.08,8.74,10489.34,0,1,0
1788323400,10232.29,10503.54,8.74,10494.8,0,1,0
1788323700,10232.29,10492.65,8.74,10483.91,0,1,0
1788324000,10232.29,10496.98,8.74,10488.24,0,1,0
1788324300,10232.29,10496.38,8.74,10487.64,0,1,0
1788324600,10232.29,10492.06,8.74,10483.32,0,1,0
1788324900,10232.29,10490.59,8.74,10481.85,0,1,0
1788325200,10232.29,10485.72,8.74,10476.98,0,1,0
1788325500,10232.29,10489.85,8.74,10481.11,0,1,0
1788325800,10232.29,10496.21,8.74,10487.47,0,1,0
1788326100,10232.29,10475.57,8.74,10466.83,0,1,0
1788326400,10232.29,10470.79,8.74,10462.05,0,1,0
1788326700,10232.29,10478.38,8.74,10469.64,0,1,0
1788327000,10232.29,10462.77,8.74,10454.03,0,1,0
1788327300,10232.29,10417.65,8.74,10408.91,0,1,0
1788327600,10232.29,10441.45,8.74,10432.71,0,1,0
1788327900,10232.29,10422.4,8.74,10413.66,0,1,0
1788328200,10232.29,10412.27,8.74,10403.53,0,1,0
1788328500,10232.29,10434.04,8.74,10425.3,0,1,0
1788328800,10232.29,10435.05,8.74,10426.31,0,1,0
1788329100,10232.29,10441.99,8.74,10433.25,0,1,0
1788329400,10232.29,10418.62,8.74,10409.88,0,1,0
1788329700,10232.29,10409.19,8.74,10400.45,0,1,0
1788330000,10232.29,10411.02,8.74,10402.28,0,1,0
1788330300,10232.29,10408.33,8.74,10399.59,0,1,0
1788330600,10232.29,10423.11,8.74,10414.37,0,1,0
1788330900,10232.29,10434.0,8.74,10425.26,0,1,0
1788331200,10232.29,10415.95,8.74,10407.21,0,1,0
1788331500,10232.29,10418.52,8.74,10409.78,0,1,0
1788331800,10232.29,10447.6,8.74,10438.86,0,1,0
1788332100,10232.29,10450.87,8.74,10442.13,0,1,0
1788332400,10232.29,10428.19,8.74,10419.45,0,1,0
1788332700,10232.29,10429.79,8.74,10421.05,0,1,0
1788333000,10232.29,10410.05,8.74,10401.31,0,1,0
1788333300,10232.29,10407.64,8.74,10398.9,0,1,0
1788333600,10232.29,10401.94,8.74,10393.2,0,1,0
1788333900,10232.29,10401.6,8.74,10392.86,0,1,0
1788334200,10232.29,10407.61,8.74,10398.87,0,1,0
1788334500,10232.29,10406.26,8.74,10397.52,0,1,0
1788334800,10232.29,10408.03,8.74,10399.29,0,1,0
1788335100,10232.29,10423.43,8.74,10414.69,0,1,0
1788335400,10232.29,10425.75,8.74,10417.01,0,1,0
1788335700,10232.29,10425.12,8.74,10416.38,0,1,0
1788336000,10232.29,10421.6,8.74,10412.86,0,1,0
1788336300,10232.29,10406.55,8.74,10397.81,0,1,0
1788336600,10232.29,10395.75,8.74,10387.01,0,1,0
1788336900,10232.29,10413.0,8.74,10404.26,0,1,0
1788337200,10232.29,10412.37,8.74,10403.63,0,1,0
1788337500,10232.29,10409.66,8.74,10400.92,0,1,0
1788337800,10232.29,10421.97,8.74,10413.23,0,1,0
1788338100,10232.29,10427.69,8.74,10418.95,0,1,0
1788338400,10232.29,10414.82,8.74,10406.08,0,1,0
1788338700,10232.29,10426.87,8.74,10418.13,0,1,0
1788339000,10232.29,10427.57,8.74,10418.83,0,1,0
1788339300,10232.29,10456.15,8.74,10447.41,0,1,0
1788339600,10232.29,10462.85,8.74,10454.11,0,1,0
1788339900,10232.29,10451.71,8.74,10442.97,0,1,0
1788340200,10232.29,10439.83,8.74,10431.09,0,1,0
1788340500,10231.85,10457.89,113.32,10344.57,1,1,0
1788340800,10231.85,10452.05,113.32,10338.73,1,1,0
1788341100,10231.85,10494.29,113.32,10380.97,1,1,0
1788341400,10231.85,10498.0,113.32,10384.68,1,1,0
1788341700,10231.85,10509.0,113.32,10395.68,1,1,0
1788342000,10231.85,10510.17,113.32,10396.85,1,1,0
1788342300,10231.85,10502.81,113.32,10389.49,1,1,0
1788342600,10231.85,10507.82,113.32,10394.5,1,1,0
1788342900,10231.85,10500.14,113.32,10386.82,1,1,0
1788343200,10231.85,10486.13,113.32,10372.81,1,1,0
1788343500,10231.85,10519.24,113.32,10405.92,1,1,0
1788343800,10231.85,10532.89,113.32,10419.57,1,1,0
1788344100,10231.85,10505.29,113.32,10391.97,1,1,0
1788344400,10231.85,10503.8,113.32,10390.48,1,1,0
1788344700,10231.85,10499.14,113.32,10385.82,1,1,0
1788345000,10231.85,10504.47,113.32,10391.15,1,1,0
1788345300,10231.85,10521.18,113.32,10407.86,1,1,0
1788345600,10231.85,10535.99,113.32,10422.67,1,1,0
1788345900,10231.85,10526.69,113.32,10413.37,1,1,0
1788346200,10231.85,10515.67,113.32,10402.35,1,1,0
1788346500,10231.85,10521.56,113.32,10408.24,1,1,0
1788346800,10231.85,10515.7,113.32,10402.38,1,1,0
1788347100,10231.85,10509.34,113.32,10396.02,1,1,0
1788347400,10231.85,10478.23,113.32,10364.91,1,1,0
1788347700,10231.85,10402.59,113.32,10289.27,1,1,0
1788348000,10231.85,10420.63,113.32,10307.31,1,1,0
1788348300,10231.85,10419.35,113.32,10306.03,1,1,0
1788348600,10231.85,10410.17,113.32,10296.85,1,1,0
1788348900,10231.85,10362.45,113.32,10249.13,1,1,0
1788349200,10231.85,10346.74,113.32,10233.42,1,1,0
1788349500,10231.85,10386.71,113.32,10273.39,1,1,0
1788349800,10231.85,10387.18,113.32,10273.86,1,1,0
1788350100,10231.85,10352.33,113.32,10239.01,1,1,0
1788350400,10231.85,10330.33,113.32,10217.01,1,1,0
1788350700,10231.85,10312.27,113.32,10198.95,1,1,0
1788351000,10231.85,10328.98,113.32,10215.66,1,1,0
1788351300,10231.85,10313.37,113.32,10200.05,1,1,0
1788351600,10231.85,10347.78,113.32,10234.46,1,1,0
1788351900,10231.85,10309.14,113.32,10195.82,1,1,0
1788352200,10231.85,10319.47,113.32,10206.15,1,1,0
1788352500,10231.85,10333.14,113.32,10219.82,1,1,0
1788352800,10231.85,10332.18,113.32,10218.86,1,1,0
1788353100,10231.85,10321.74,113.32,10208.42,1,1,0
1788353400,10231.85,10302.67,113.32,10189.35,1,1,0
1788353700,10231.85,10327.29,113.32,10213.97,1,1,0
1788354000,10231.85,10359.28,113.32,10245.96,1,1,0
1788354300,10231.85,10322.54,113.32,10209.22,1,1,0
1788354600,10231.85,10297.7,113.32,10184.38,1,1,0
1788354900,10231.85,10307.44,113.32,10194.12,1,1,0
1788355200,10231.85,10286.21,113.32,10172.89,1,1,0
1788355500,10231.85,10261.18,113.32,10147.86,1,1,0
1788355800,10231.85,10213.61,113.32,10100.29,1,1,0
1788356100,10231.85,10187.41,113.32,10074.09,1,1,0
1788356400,10231.85,10202.91,113.32,10089.59,1,1,0
1788356700,10231.85,10159.19,113.32,10045.87,1,1,0
1788357000,10231.85,10220.05,113.32,10106.73,1,1,0
1788357300,10231.85,10159.0,113.32,10045.68,1,1,0
1788357600,10231.85,10105.46,113.32,9992.14,1,1,0
1788357900,10231.85,10118.47,113.32,10005.15,1,1,0
1788358200,10143.27,10086.05,104.58,9981.47,1,0,0
1788358500,10143.27,10089.3,104.58,9984.72,1,0,0
1788358800,10143.27,10073.89,104.58,9969.31,1,0,0
1788359100,10143.27,10080.39,104.58,9975.81,1,0,0
1788359400,10143.27,10091.75,104.58,9987.17,1,0,0
1788359700,10143.27,10103.92,104.58,9999.34,1,0,0
1788360000,10143.27,10094.99,104.58,9990.41,1,0,0
1788360300,10143.27,10099.86,104.58,9995.28,1,0,0
1788360600,10143.27,10103.92,104.58,9999.34,1,0,0
1788360900,10143.27,10114.47,104.58,10009.89,1,0,0
1788361200,10143.27,10114.46,104.58,10009.88,1,0,0
1788361500,10113.65,10113.65,0.0,10113.65,0,0,0
1788361800,10113.65,10113.65,0.0,10113.65,0,0,0
1788362100,10113.65,10113.65,0.0,10113.65,0,0,0
1788362400,10113.65,10113.65,0.0,10113.65,0,0,0
1788362700,10113.65,10113.65,0.0,10113.65,0,0,0
1788363000,10113.65,10113.65,0.0,10113.65,0,0,0
1788363300,10113.65,10113.65,0.0,10113.65,0,0,0
1788363600,10113.65,10113.65,0.0,10113.65,0,0,0
1788363900,10113.65,10113.65,0.0,10113.65,0,0,0
1788364200,10113.65,10113.65,0.0,10113.65,0,0,0
1788364500,10113.65,10113.65,0.0,10113.65,0,0,0
1788364800,10113.65,10113.65,0.0,10113.65,0,0,0
1788365100,10113.65,10113.65,0.0,10113.65,0,0,0
1788365400,10113.65,10113.65,0.0,10113.65,0,0,0
1788365700,10113.65,10113.65,0.0,10113.65,0,0,0
1788366000,10113.65,10113.65,0.0,10113.65,0,0,0
1788366300,10113.65,10113.65,0.0,10113.65,0,0,0
1788366600,10113.65,10113.65,0.0,10113.65,0,0,0
1788366900,10113.65,10113.65,0.0,10113.65,0,0,0
1788367200,10113.65,10113.65,0.0,10113.65,0,0,0
1788367500,10113.65,10113.65,0.0,10113.65,0,0,0
1788367800,10113.65,10113.65,0.0,10113.65,0,0,0
1788368100,10113.65,10113.65,0.0,10113.65,0,0,0
1788368400,10113.65,10113.65,0.0,10113.65,0,0,0
1788368700,10113.65,10113.65,0.0,10113.65,0,0,0
1788369000,10113.65,10113.65,0.0,10113.65,0,0,0
1788369300,10113.65,10113.65,0.0,10113.65,0,0,0
1788369600,10113.65,10113.65,0.0,10113.65,0,0,0
1788369900,10113.65,10113.65,0.0,10113.65,0,0,0
1788370200,10113.65,10113.65,0.0,10113.65,0,0,0
1788370500,10113.65,10113.65,0.0,10113.65,0,0,0
1788370800,10113.65,10113.65,0.0,10113.65,0,0,0
1788371100,10113.65,10113.65,0.0,10113.65,0,0,0
1788371400,10113.65,10113.65,0.0,10113.65,0,0,0
1788371700,10113.65,10113.65,0.0,10113.65,0,0,0
1788372000,10113.65,10113.65,0.0,10113.65,0,0,0
1788372300,10113.65,10113.65,0.0,10113.65,0,0,0
1788372600,10113.65,10113.65,0.0,10113.65,0,0,0
1788372900,10113.65,10113.65,0.0,10113.65,0,0,0
1788373200,10113.65,10113.65,0.0,10113.65,0,0,0
1788373500,10113.65,10113.65,0.0,10113.65,0,0,0
1788373800,10113.65,10113.65,0.0,10113.65,0,0,0
1788374100,10113.65,10113.65,0.0,10113.65,0,0,0
1788374400,10113.65,10113.65,0.0,10113.65,0,0,0
1788374700,10113.65,10113.65,0.0,10113.65,0,0,0
1788375000,10113.65,10113.65,0.0,10113.65,0,0,0
1788375300,10113.65,10113.65,0.0,10113.65,0,0,0
1788375600,10113.65,10113.65,0.0,10113.65,0,0,0
1788375900,10113.65,10113.65,0.0,10113.65,0,0,0
1788376200,10113.65,10113.65,0.0,10113.65,0,0,0
1788376500,10113.65,10113.65,0.0,10113.65,0,0,0
1788376800,10113.65,10113.65,0.0,10113.65,0,0,0
1788377100,10113.65,10113.65,0.0,10113.65,0,0,0
1788377400,10113.65,10113.65,0.0,10113.65,0,0,0
1788377700,10113.65,10113.65,0.0,10113.65,0,0,0
1788378000,10113.65,10113.65,0.0,10113.65,0,0,0
1788378300,10113.65,10113.65,0.0,10113.65,0,0,0
1788378600,10113.65,10113.65,0.0,10113.65,0,0,0
1788378900,10113.65,10113.65,0.0,10113.65,0,0,0
1788379200,10113.65,10113.65,0.0,10113.65,0,0,0
1788379500,10113.65,10113.65,0.0,10113.65,0,0,0
1788379800,10113.65,10113.65,0.0,10113.65,0,0,0
1788380100,10113.65,10113.65,0.0,10113.65,0,0,0
1788380400,10113.65,10113.65,0.0,10113.65,0,0,0
1788380700,10113.65,10113.65,0.0,10113.65,0,0,0
1788381000,10113.65,10113.65,0.0,10113.65,0,0,0
1788381300,10113.65,10113.65,0.0,10113.65,0,0,0
1788381600,10113.65,10113.65,0.0,10113.65,0,0,0
1788381900,10113.65,10113.65,0.0,10113.65,0,0,0
1788382200,10113.65,10113.65,0.0,10113.65,0,0,0
1788382500,10113.65,10113.65,0.0,10113.65,0,0,0
1788382848,10113.65,10113.65,0.0,10113.65,0,0,0
1788383100,10113.65,10113.65,0.0,10113.65,0,0,0
1788383401,10113.65,10113.65,0.0,10113.65,0,0,0
1788383710,10113.65,10113.65,0.0,10113.65,0,0,0
1788384000,10113.65,10113.65,0.0,10113.65,0,0,0
1788384310,10113.65,10113.65,0.0,10113.65,0,0,0
1788384600,10113.65,10113.65,0.0,10113.65,0,0,0
1788384901,10113.65,10113.65,0.0,10113.65,0,0,0
1788385205,10113.65,10113.65,0.0,10113.65,0,0,0
1788385503,10113.65,10113.65,0.0,10113.65,0,0,0
1788385803,10113.65,10113.65,0.0,10113.65,0,0,0
1788386103,10113.65,10113.65,0.0,10113.65,0,0,0
1788386400,10113.65,10113.65,0.0,10113.65,0,0,0
1788386700,10113.65,10113.65,0.0,10113.65,0,0,0
1788387000,10113.65,10113.65,0.0,10113.65,0,0,0
1788387300,10113.65,10113.65,0.0,10113.65,0,0,0
1788387600,10113.65,10113.65,0.0,10113.65,0,0,0
1788387900,10113.65,10113.65,0.0,10113.65,0,0,0
1788388200,10113.65,10113.65,0.0,10113.65,0,0,0
1788388500,10113.65,10113.65,0.0,10113.65,0,0,0
1788388800,10113.65,10113.65,0.0,10113.65,0,0,0
1788389100,10113.65,10113.65,0.0,10113.65,0,0,0
1788389400,10113.65,10113.65,0.0,10113.65,0,0,0
1788389700,10113.65,10113.65,0.0,10113.65,0,0,0
1788390000,10113.65,10113.65,0.0,10113.65,0,0,0
1788390300,10113.65,10113.65,0.0,10113.65,0,0,0
1788390600,10113.65,10113.65,0.0,10113.65,0,0,0
1788390900,10113.65,10113.65,0.0,10113.65,0,0,0
1788391200,10113.65,10113.65,0.0,10113.65,0,0,0
1788391500,10113.65,10113.65,0.0,10113.65,0,0,0
1788391800,10113.65,10113.65,0.0,10113.65,0,0,0
1788392100,10113.65,10113.65,0.0,10113.65,0,0,0
1788392400,10113.65,10113.65,0.0,10113.65,0,0,0
1788392700,10113.65,10113.65,0.0,10113.65,0,0,0
1788393000,10113.65,10113.65,0.0,10113.65,0,0,0
1788393300,10113.65,10113.65,0.0,10113.65,0,0,0
1788393600,10113.65,10113.65,0.0,10113.65,0,0,0
1788393900,10113.65,10113.65,0.0,10113.65,0,0,0
1788394200,10113.65,10113.65,0.0,10113.65,0,0,0
1788394500,10113.65,10113.65,0.0,10113.65,0,0,0
1788394800,10113.65,10113.65,0.0,10113.65,0,0,0
1788395100,10113.65,10113.65,0.0,10113.65,0,0,0
1788395400,10113.65,10113.65,0.0,10113.65,0,0,0
1788395700,10113.65,10113.65,0.0,10113.65,0,0,0
1788396000,10113.65,10113.65,0.0,10113.65,0,0,0
1788396300,10113.65,10113.65,0.0,10113.65,0,0,0
1788396600,10113.65,10113.65,0.0,10113.65,0,0,0
1788396900,10113.65,10113.65,0.0,10113.65,0,0,0
1788397200,10113.65,10113.65,0.0,10113.65,0,0,0
1788397500,10113.65,10113.65,0.0,10113.65,0,0,0
1788397800,10113.65,10113.65,0.0,10113.65,0,0,0
1788398100,10113.65,10113.65,0.0,10113.65,0,0,0
1788398400,10113.65,10113.65,0.0,10113.65,0,0,0
1788398700,10113.65,10113.65,0.0,10113.65,0,0,0
1788399000,10113.65,10113.65,0.0,10113.65,0,0,0
1788399300,10113.65,10113.65,0.0,10113.65,0,0,0
1788399600,10113.65,10113.65,0.0,10113.65,0,0,0
1788399900,10113.65,10113.65,0.0,10113.65,0,0,0
1788400200,10113.65,10113.65,0.0,10113.65,0,0,0
1788400500,10113.65,10113.65,0.0,10113.65,0,0,0
1788400800,10113.65,10113.65,0.0,10113.65,0,0,0
1788401100,10113.65,10113.65,0.0,10113.65,0,0,0
1788401400,10113.65,10113.65,0.0,10113.65,0,0,0
1788401700,10113.65,10113.65,0.0,10113.65,0,0,0
1788402000,10113.65,10113.65,0.0,10113.65,0,0,0
1788402300,10113.65,10113.65,0.0,10113.65,0,0,0
1788402600,10113.65,10113.65,0.0,10113.65,0,0,0
1788402900,10113.65,10113.65,0.0,10113.65,0,0,0
1788403200,10113.65,10113.65,0.0,10113.65,0,0,0
1788403500,10113.65,10113.65,0.0,10113.65,0,0,0
1788403800,10113.65,10113.65,0.0,10113.65,0,0,0
1788404100,10113.65,10113.65,0.0,10113.65,0,0,0
1788404400,10113.65,10113.65,0.0,10113.65,0,0,0
1788404700,10113.65,10113.65,0.0,10113.65,0,0,0
1788405000,10113.65,10113.65,0.0,10113.65,0,0,0
1788405300,10113.65,10113.65,0.0,10113.65,0,0,0
1788405600,10113.65,10113.65,0.0,10113.65,0,0,0
1788405900,10113.65,10113.65,0.0,10113.65,0,0,0
1788406200,10113.65,10113.65,0.0,10113.65,0,0,0
1788406500,10113.65,10113.65,0.0,10113.65,0,0,0
1788406800,10113.65,10113.65,0.0,10113.65,0,0,0
1788407100,10113.65,10113.65,0.0,10113.65,0,0,0
1788407400,10113.65,10113.65,0.0,10113.65,0,0,0
1788407700,10113.65,10113.65,0.0,10113.65,0,0,0
1788408000,10113.65,10113.65,0.0,10113.65,0,0,0
1788408300,10113.65,10113.65,0.0,10113.65,0,0,0
1788408600,10113.65,10113.65,0.0,10113.65,0,0,0
1788408900,10113.65,10113.65,0.0,10113.65,0,0,0
1788409200,10113.65,10113.65,0.0,10113.65,0,0,0
1788409500,10113.65,10113.65,0.0,10113.65,0,0,0
1788409800,10113.65,10113.65,0.0,10113.65,0,0,0
1788410100,10113.65,10113.65,0.0,10113.65,0,0,0
1788410400,10113.65,10113.65,0.0,10113.65,0,0,0
1788410700,10113.65,10113.65,0.0,10113.65,0,0,0
1788411000,10113.65,10113.65,0.0,10113.65,0,0,0
1788411300,10113.65,10113.65,0.0,10113.65,0,0,0
1788411600,10113.65,10113.65,0.0,10113.65,0,0,0
1788411900,10113.65,10113.65,0.0,10113.65,0,0,0
1788412200,10113.65,10113.65,0.0,10113.65,0,0,0
1788412500,10113.65,10113.65,0.0,10113.65,0,0,0
1788412800,10113.65,10113.65,0.0,10113.65,0,0,0
1788413100,10113.65,10113.65,0.0,10113.65,0,0,0
1788413400,10113.65,10113.65,0.0,10113.65,0,0,0
1788413700,10113.65,10113.65,0.0,10113.65,0,0,0
1788414000,10113.65,10113.65,0.0,10113.65,0,0,0
1788414300,10113.65,10113.65,0.0,10113.65,0,0,0
1788414600,10113.65,10113.65,0.0,10113.65,0,0,0
1788414900,10113.65,10113.65,0.0,10113.65,0,0,0
1788415200,10113.65,10113.65,0.0,10113.65,0,0,0
1788415500,10113.65,10113.65,0.0,10113.65,0,0,0
1788415800,10113.65,10113.65,0.0,10113.65,0,0,0
1788416100,10113.65,10113.65,0.0,10113.65,0,0,0
1788416400,10113.65,10113.65,0.0,10113.65,0,0,0
1788416700,10113.65,10113.65,0.0,10113.65,0,0,0
1788417000,10113.65,10113.65,0.0,10113.65,0,0,0
1788417300,10113.65,10113.65,0.0,10113.65,0,0,0
1788417600,10113.65,10113.65,0.0,10113.65,0,0,0
1788417900,10113.65,10113.65,0.0,10113.65,0,0,0
1788418200,10113.65,10113.65,0.0,10113.65,0,0,0
1788418500,10113.65,10113.65,0.0,10113.65,0,0,0
1788418800,10113.65,10113.65,0.0,10113.65,0,0,0
1788419100,10113.65,10113.65,0.0,10113.65,0,0,0
1788419400,10113.65,10113.65,0.0,10113.65,0,0,0
1788419700,10113.65,10113.65,0.0,10113.65,0,0,0
1788420000,10113.65,10113.65,0.0,10113.65,0,0,0
1788420300,10113.65,10113.65,0.0,10113.65,0,0,0
1788420600,10113.65,10113.65,0.0,10113.65,0,0,0
1788420900,10113.65,10113.65,0.0,10113.65,0,0,0
1788421200,10113.65,10113.65,0.0,10113.65,0,0,0
1788421500,10113.65,10113.65,0.0,10113.65,0,0,0
1788421800,10113.65,10113.65,0.0,10113.65,0,0,0
1788422100,10113.65,10113.65,0.0,10113.65,0,0,0
1788422400,10113.65,10113.65,0.0,10113.65,0,0,0
1788422700,10113.65,10113.65,0.0,10113.65,0,0,0
1788423000,10113.65,10113.65,0.0,10113.65,0,0,0
1788423300,10113.65,10113.65,0.0,10113.65,0,0,0
1788423600,10113.65,10113.65,0.0,10113.65,0,0,0
1788423900,10113.13,10111.2,124.79,9986.41,1,0,0
1788424200,10113.13,10114.09,124.79,9989.3,1,0,0
1788424500,10113.13,10116.98,124.79,9992.19,1,0,0
1788424800,10113.13,10126.61,124.79,10001.82,1,0,0
1788425100,10113.13,10136.25,124.79,10011.46,1,0,0
1788425400,10113.13,10130.47,124.79,10005.68,1,0,0
1788425700,10113.13,10104.46,124.79,9979.67,1,0,0
1788426000,10113.13,10104.46,124.79,9979.67,1,0,0
1788426300,10113.13,10119.87,124.79,9995.08,1,0,0
1788426600,10113.13,10092.9,124.79,9968.11,1,0,0
1788426900,10113.13,10098.68,124.79,9973.89,1,0,0
1788427200,10113.13,10073.84,124.79,9949.05,1,0,0
1788427500,10113.13,10064.97,124.79,9940.18,1,0,0
1788427800,10113.13,10064.01,124.79,9939.22,1,0,0
1788428100,10113.13,10075.57,124.79,9950.78,1,0,0
1788428400,10113.13,10058.24,124.79,9933.45,1,0,0
1788428700,10113.13,10044.74,124.79,9919.95,1,0,0
1788429000,10113.13,10044.74,124.79,9919.95,1,0,0
1788429300,10113.13,10028.37,124.79,9903.58,1,0,0
1788429600,10113.13,10020.66,124.79,9895.87,1,0,0
1788429900,10012.95,10012.95,0.0,10012.95,0,0,0
1788430200,10012.95,10012.95,0.0,10012.95,0,0,0
1788430500,10012.95,10012.95,0.0,10012.95,0,0,0
1788430800,10012.95,10012.95,0.0,10012.95,0,0,0
1788431100,10012.95,10012.95,0.0,10012.95,0,0,0
1788431400,10012.95,10012.95,0.0,10012.95,0,0,0
1788431700,10012.95,10012.95,0.0,10012.95,0,0,0
1788432000,10012.95,10012.95,0.0,10012.95,0,0,0
1788432300,10012.95,10012.95,0.0,10012.95,0,0,0
1788432600,10012.95,10012.95,0.0,10012.95,0,0,0
1788432900,10012.95,10012.95,0.0,10012.95,0,0,0
1788433200,10012.95,10012.95,0.0,10012.95,0,0,0
1788433500,10012.95,10012.95,0.0,10012.95,0,0,0
1788433800,10012.95,10012.95,0.0,10012.95,0,0,0
1788434100,10012.95,10012.95,0.0,10012.95,0,0,0
1788434400,10012.95,10012.95,0.0,10012.95,0,0,0
1788434700,10012.95,10012.95,0.0,10012.95,0,0,0
1788435000,10012.95,10012.95,0.0,10012.95,0,0,0
1788435300,10012.95,10012.95,0.0,10012.95,0,0,0
1788435600,10012.95,10012.95,0.0,10012.95,0,0,0
1788435900,10012.95,10012.95,0.0,10012.95,0,0,0
1788436200,10012.95,10012.95,0.0,10012.95,0,0,0
1788436500,10012.95,10012.95,0.0,10012.95,0,0,0
1788436800,10012.95,10012.95,0.0,10012.95,0,0,0
1788437100,10012.95,10012.95,0.0,10012.95,0,0,0
1788437400,10012.95,10012.95,0.0,10012.95,0,0,0
1788437700,10012.95,10012.95,0.0,10012.95,0,0,0
1788438000,10012.95,10012.95,0.0,10012.95,0,0,0
1788438300,10012.95,10012.95,0.0,10012.95,0,0,0
1788438600,10012.95,10012.95,0.0,10012.95,0,0,0
1788438900,10012.95,10012.95,0.0,10012.95,0,0,0
1788439200,10012.95,10012.95,0.0,10012.95,0,0,0
1788439500,10012.95,10012.95,0.0,10012.95,0,0,0
1788439800,10012.95,10012.95,0.0,10012.95,0,0,0
1788440100,10012.95,10012.95,0.0,10012.95,0,0,0
1788440400,10012.73,10012.53,8.99,10003.54,0,1,0
1788440700,10012.73,9999.57,8.99,9990.58,0,1,0
1788441000,10012.73,9991.34,8.99,9982.35,0,1,0
1788441300,10012.73,9981.54,8.99,9972.55,0,1,0
1788441600,10012.73,9958.16,8.99,9949.17,0,1,0
1788441900,10012.73,9971.73,8.99,9962.74,0,1,0
1788442200,10012.73,9958.9,8.99,9949.91,0,1,0
1788442500,10012.73,9949.24,8.99,9940.25,0,1,0
1788442800,10012.73,9941.22,8.99,9932.23,0,1,0
1788443100,9920.63,9920.63,0.0,9920.63,0,0,0
1788443400,9920.63,9920.63,0.0,9920.63,0,0,0
1788443700,9920.63,9920.63,0.0,9920.63,0,0,0
1788444000,9920.63,9920.63,0.0,9920.63,0,0,0
1788444300,9920.63,9920.63,0.0,9920.63,0,0,0
1788444600,9920.63,9920.63,0.0,9920.63,0,0,0
1788444900,9920.63,9920.63,0.0,9920.63,0,0,0
1788445200,9920.63,9920.63,0.0,9920.63,0,0,0
1788445500,9920.63,9920.63,0.0,9920.63,0,0,0
1788445800,9920.63,9920.63,0.0,9920.63,0,0,0
1788446100,9920.63,9920.63,0.0,9920.63,0,0,0
1788446400,9920.63,9920.63,0.0,9920.63,0,0,0
1788446700,9920.63,9920.63,0.0,9920.63,0,0,0
1788447000,9920.63,9920.63,0.0,9920.63,0,0,0
1788447300,9920.63,9920.63,0.0,9920.63,0,0,0
1788447600,9920.63,9920.63,0.0,9920.63,0,0,0
1788447900,9920.63,9920.63,0.0,9920.63,0,0,0
1788448200,9920.63,9920.63,0.0,9920.63,0,0,0
1788448500,9920.63,9920.63,0.0,9920.63,0,0,0
1788448800,9920.63,9920.63,0.0,9920.63,0,0,0
1788449100,9920.63,9920.63,0.0,9920.63,0,0,0
1788449400,9920.63,9920.63,0.0,9920.63,0,0,0
1788449700,9920.63,9920.63,0.0,9920.63,0,0,0
1788450000,9920.63,9920.63,0.0,9920.63,0,0,0
1788450300,9920.63,9920.63,0.0,9920.63,0,0,0
1788450600,9920.63,9920.63,0.0,9920.63,0,0,0
1788450900,9920.63,9920.63,0.0,9920.63,0,0,0
1788451200,9920.63,9920.63,0.0,9920.63,0,0,0
1788451500,9920.63,9920.63,0.0,9920.63,0,0,0
1788451800,9920.63,9920.63,0.0,9920.63,0,0,0
1788452100,9920.63,9920.63,0.0,9920.63,0,0,0
1788452400,9920.63,9920.63,0.0,9920.63,0,0,0
1788452700,9920.63,9920.63,0.0,9920.63,0,0,0
1788453000,9920.63,9920.63,0.0,9920.63,0,0,0
1788453300,9920.63,9920.63,0.0,9920.63,0,0,0
1788453600,9920.63,9920.63,0.0,9920.63,0,0,0
1788453900,9920.63,9920.63,0.0,9920.63,0,0,0
1788454200,9920.63,9920.63,0.0,9920.63,0,0,0
1788454500,9920.63,9920.63,0.0,9920.63,0,0,0
1788454800,9920.63,9920.63,0.0,9920.63,0,0,0
1788455100,9920.63,9920.63,0.0,9920.63,0,0,0
1788455400,9920.63,9920.63,0.0,9920.63,0,0,0
1788455700,9920.63,9920.63,0.0,9920.63,0,0,0
1788456000,9920.63,9920.63,0.0,9920.63,0,0,0
1788456300,9920.63,9920.63,0.0,9920.63,0,0,0
1788456600,9920.63,9920.63,0.0,9920.63,0,0,0
1788456900,9920.63,9920.63,0.0,9920.63,0,0,0
1788457200,9920.63,9920.63,0.0,9920.63,0,0,0
1788457500,9920.63,9920.63,0.0,9920.63,0,0,0
1788457800,9920.63,9920.63,0.0,9920.63,0,0,0
1788458100,9920.63,9920.63,0.0,9920.63,0,0,0
1788458400,9920.63,9920.63,0.0,9920.63,0,0,0
1788458700,9920.63,9920.63,0.0,9920.63,0,0,0
1788459000,9920.63,9920.63,0.0,9920.63,0,0,0
1788459300,9920.63,9920.63,0.0,9920.63,0,0,0
1788459600,9920.63,9920.63,0.0,9920.63,0,0,0
1788459900,9920.63,9920.63,0.0,9920.63,0,0,0
1788460200,9920.63,9920.63,0.0,9920.63,0,0,0
1788460500,9920.63,9920.63,0.0,9920.63,0,0,0
1788460800,9920.63,9920.63,0.0,9920.63,0,0,0
1788461100,9920.63,9920.63,0.0,9920.63,0,0,0
1788461400,9920.63,9920.63,0.0,9920.63,0,0,0
1788461700,9920.63,9920.63,0.0,9920.63,0,0,0
1788462000,9920.63,9920.63,0.0,9920.63,0,0,0
1788462300,9920.63,9920.63,0.0,9920.63,0,0,0
1788462600,9920.63,9920.63,0.0,9920.63,0,0,0
1788462900,9920.63,9920.63,0.0,9920.63,0,0,0
1788463200,9920.63,9920.63,0.0,9920.63,0,0,0
1788463500,9920.63,9920.63,0.0,9920.63,0,0,0
1788463800,9920.63,9920.63,0.0,9920.63,0,0,0
1788464100,9920.63,9920.63,0.0,9920.63,0,0,0
1788464400,9920.63,9920.63,0.0,9920.63,0,0,0
1788464700,9920.63,9920.63,0.0,9920.63,0,0,0
1788465000,9920.63,9920.63,0.0,9920.63,0,0,0
1788465300,9920.63,9920.63,0.0,9920.63,0,0,0
1788465600,9920.63,9920.63,0.0,9920.63,0,0,0
1788465900,9920.63,9920.63,0.0,9920.63,0,0,0
1788466200,9920.63,9920.63,0.0,9920.63,0,0,0
1788466500,9920.63,9920.63,0.0,9920.63,0,0,0
1788466800,9920.63,9920.63,0.0,9920.63,0,0,0
1788467100,9920.63,9920.63,0.0,9920.63,0,0,0
1788467400,9920.63,9920.63,0.0,9920.63,0,0,0
1788467700,9920.63,9920.63,0.0,9920.63,0,0,0
1788468000,9920.63,9920.63,0.0,9920.63,0,0,0
1788468300,9920.63,9920.63,0.0,9920.63,0,0,0
1788468600,9920.63,9920.63,0.0,9920.63,0,0,0
1788468900,9920.63,9920.63,0.0,9920.63,0,0,0
1788469542,9920.63,9920.63,0.0,9920.63,0,0,0
1788469800,9920.63,9920.63,0.0,9920.63,0,0,0
1788470100,9920.63,9920.63,0.0,9920.63,0,0,0
1788470410,9920.63,9920.63,0.0,9920.63,0,0,0
1788470700,9920.63,9920.63,0.0,9920.63,0,0,0
1788471004,9920.63,9920.63,0.0,9920.63,0,0,0
1788471302,9920.63,9920.63,0.0,9920.63,0,0,0
1788471609,9920.63,9920.63,0.0,9920.63,0,0,0
1788471901,9920.63,9920.63,0.0,9920.63,0,0,0
1788472210,9920.63,9920.63,0.0,9920.63,0,0,0
1788472500,9920.63,9920.63,0.0,9920.63,0,0,0
1788472800,9920.63,9920.63,0.0,9920.63,0,0,0
1788473100,9920.63,9920.63,0.0,9920.63,0,0,0
1788473400,9920.63,9920.63,0.0,9920.63,0,0,0
1788473700,9920.63,9920.63,0.0,9920.63,0,0,0
1788474000,9920.63,9920.63,0.0,9920.63,0,0,0
1788474300,9920.63,9920.63,0.0,9920.63,0,0,0
1788474600,9920.63,9920.63,0.0,9920.63,0,0,0
1788474900,9920.63,9920.63,0.0,9920.63,0,0,0
1788475200,9920.63,9920.63,0.0,9920.63,0,0,0
1788475500,9920.63,9920.63,0.0,9920.63,0,0,0
1788475800,9920.63,9920.63,0.0,9920.63,0,0,0
1788476100,9920.63,9920.63,0.0,9920.63,0,0,0
1788476400,9920.63,9920.63,0.0,9920.63,0,0,0
1788476701,9920.63,9920.63,0.0,9920.63,0,0,0
1788477000,9920.63,9920.63,0.0,9920.63,0,0,0
1788477300,9920.63,9920.63,0.0,9920.63,0,0,0
1788477600,9920.63,9920.63,0.0,9920.63,0,0,0
1788477900,9920.63,9920.63,0.0,9920.63,0,0,0
1788478200,9920.63,9920.63,0.0,9920.63,0,0,0
1788478500,9920.63,9920.63,0.0,9920.63,0,0,0
1788478801,9920.63,9920.63,0.0,9920.63,0,0,0
1788479100,9920.63,9920.63,0.0,9920.63,0,0,0
1788479400,9920.63,9920.63,0.0,9920.63,0,0,0
1788479700,9920.63,9920.63,0.0,9920.63,0,0,0
1788480000,9920.63,9920.63,0.0,9920.63,0,0,0
1788480300,9920.63,9920.63,0.0,9920.63,0,0,0
1788480600,9920.63,9920.63,0.0,9920.63,0,0,0
1788480900,9920.63,9920.63,0.0,9920.63,0,0,0
1788481200,9920.63,9920.63,0.0,9920.63,0,0,0
1788481500,9920.63,9920.63,0.0,9920.63,0,0,0
1788481800,9920.63,9920.63,0.0,9920.63,0,0,0
1788482100,9920.63,9920.63,0.0,9920.63,0,0,0
1788482400,9920.63,9920.63,0.0,9920.63,0,0,0
1788482700,9920.63,9920.63,0.0,9920.63,0,0,0
1788483000,9920.63,9920.63,0.0,9920.63,0,0,0
1788483300,9920.63,9920.63,0.0,9920.63,0,0,0
1788483600,9920.63,9920.63,0.0,9920.63,0,0,0
1788483900,9920.63,9920.63,0.0,9920.63,0,0,0
1788484200,9920.63,9920.63,0.0,9920.63,0,0,0
1788484500,9920.63,9920.63,0.0,9920.63,0,0,0
1788484800,9920.63,9920.63,0.0,9920.63,0,0,0
1788485100,9920.63,9920.63,0.0,9920.63,0,0,0
1788485400,9920.63,9920.63,0.0,9920.63,0,0,0
1788485700,9920.63,9920.63,0.0,9920.63,0,0,0
1788486000,9920.63,9920.63,0.0,9920.63,0,0,0
1788486300,9920.63,9920.63,0.0,9920.63,0,0,0
1788486600,9920.63,9920.63,0.0,9920.63,0,0,0
1788486900,9920.63,9920.63,0.0,9920.63,0,0,0
1788487200,9920.63,9920.63,0.0,9920.63,0,0,0
1788487500,9920.63,9920.63,0.0,9920.63,0,0,0
1788487800,9920.63,9920.63,0.0,9920.63,0,0,0
1788488100,9920.63,9920.63,0.0,9920.63,0,0,0
1788488400,9920.63,9920.63,0.0,9920.63,0,0,0
1788488700,9920.63,9920.63,0.0,9920.63,0,0,0
1788489000,9920.63,9920.63,0.0,9920.63,0,0,0
1788489300,9920.63,9920.63,0.0,9920.63,0,0,0
1788489600,9920.63,9920.63,0.0,9920.63,0,0,0
1788489900,9920.63,9920.63,0.0,9920.63,0,0,0
1788490200,9920.63,9920.63,0.0,9920.63,0,0,0
1788490500,9920.63,9920.63,0.0,9920.63,0,0,0
1788490800,9920.63,9920.63,0.0,9920.63,0,0,0
1788491100,9920.63,9920.63,0.0,9920.63,0,0,0
1788491400,9920.63,9920.63,0.0,9920.63,0,0,0
1788491700,9920.63,9920.63,0.0,9920.63,0,0,0
1788492000,9920.63,9920.63,0.0,9920.63,0,0,0
1788492300,9920.63,9920.63,0.0,9920.63,0,0,0
1788492600,9920.63,9920.63,0.0,9920.63,0,0,0
1788492900,9920.63,9920.63,0.0,9920.63,0,0,0
1788493200,9920.63,9920.63,0.0,9920.63,0,0,0
1788493500,9920.63,9920.63,0.0,9920.63,0,0,0
1788493800,9920.63,9920.63,0.0,9920.63,0,0,0
1788494100,9920.63,9920.63,0.0,9920.63,0,0,0
1788494400,9920.63,9920.63,0.0,9920.63,0,0,0
1788494700,9920.63,9920.63,0.0,9920.63,0,0,0
1788495000,9920.63,9920.63,0.0,9920.63,0,0,0
1788495300,9920.63,9920.63,0.0,9920.63,0,0,0
1788495600,9920.63,9920.63,0.0,9920.63,0,0,0
1788495900,9920.63,9920.63,0.0,9920.63,0,0,0
1788496200,9920.63,9920.63,0.0,9920.63,0,0,0
1788496500,9920.63,9920.63,0.0,9920.63,0,0,0
1788496800,9920.63,9920.63,0.0,9920.63,0,0,0
1788497100,9920.63,9920.63,0.0,9920.63,0,0,0
1788497400,9920.63,9920.63,0.0,9920.63,0,0,0
1788497700,9920.63,9920.63,0.0,9920.63,0,0,0
1788498000,9920.63,9920.63,0.0,9920.63,0,0,0
1788498300,9920.63,9920.63,0.0,9920.63,0,0,0
1788498601,9920.63,9920.63,0.0,9920.63,0,0,0
1788498900,9920.63,9920.63,0.0,9920.63,0,0,0
1788499200,9920.63,9920.63,0.0,9920.63,0,0,0
1788499500,9920.63,9920.63,0.0,9920.63,0,0,0
1788499800,9920.63,9920.63,0.0,9920.63,0,0,0
1788500100,9920.63,9920.63,0.0,9920.63,0,0,0
1788500400,9920.63,9920.63,0.0,9920.63,0,0,0
1788500700,9920.63,9920.63,0.0,9920.63,0,0,0
1788501000,9920.63,9920.63,0.0,9920.63,0,0,0
1788501300,9920.63,9920.63,0.0,9920.63,0,0,0
1788501600,9920.63,9920.63,0.0,9920.63,0,0,0
1788501900,9920.63,9920.63,0.0,9920.63,0,0,0
1788502200,9920.63,9920.63,0.0,9920.63,0,0,0
1788502500,9920.63,9920.63,0.0,9920.63,0,0,0
1788502800,9920.63,9920.63,0.0,9920.63,0,0,0
1788503100,9920.63,9920.63,0.0,9920.63,0,0,0
1788503400,9920.63,9920.63,0.0,9920.63,0,0,0
1788503700,9920.63,9920.63,0.0,9920.63,0,0,0
1788504000,9920.63,9920.63,0.0,9920.63,0,0,0
1788504300,9920.63,9920.63,0.0,9920.63,0,0,0
1788504600,9920.63,9920.63,0.0,9920.63,0,0,0
1788504900,9920.63,9920.63,0.0,9920.63,0,0,0
1788505200,9920.63,9920.63,0.0,9920.63,0,0,0
1788505500,9920.63,9920.63,0.0,9920.63,0,0,0
1788505800,9920.63,9920.63,0.0,9920.63,0,0,0
1788506100,9920.63,9920.63,0.0,9920.63,0,0,0
1788506400,9920.63,9920.63,0.0,9920.63,0,0,0
1788506700,9920.63,9920.63,0.0,9920.63,0,0,0
1788507000,9920.63,9920.63,0.0,9920.63,0,0,0
1788507300,9920.63,9920.63,0.0,9920.63,0,0,0
1788507600,9920.63,9920.63,0.0,9920.63,0,0,0
1788507900,9920.63,9920.63,0.0,9920.63,0,0,0
1788508200,9920.63,9920.63,0.0,9920.63,0,0,0
1788508500,9920.63,9920.63,0.0,9920.63,0,0,0
1788508800,9920.63,9920.63,0.0,9920.63,0,0,0
1788509100,9920.63,9920.63,0.0,9920.63,0,0,0
1788509400,9920.63,9920.63,0.0,9920.63,0,0,0
1788509700,9920.63,9920.63,0.0,9920.63,0,0,0
1788510000,9920.63,9920.63,0.0,9920.63,0,0,0
1788510300,9920.63,9920.63,0.0,9920.63,0,0,0
1788510600,9920.63,9920.63,0.0,9920.63,0,0,0
1788510900,9920.63,9920.63,0.0,9920.63,0,0,0
1788511200,9920.63,9920.63,0.0,9920.63,0,0,0
1788511500,9920.63,9920.63,0.0,9920.63,0,0,0
1788511800,9920.63,9920.63,0.0,9920.63,0,0,0
1788512100,9920.63,9920.63,0.0,9920.63,0,0,0
1788512400,9920.63,9920.63,0.0,9920.63,0,0,0
1788512700,9920.63,9920.63,0.0,9920.63,0,0,0
1788513000,9920.63,9920.63,0.0,9920.63,0,0,0
1788513300,9920.63,9920.63,0.0,9920.63,0,0,0
1788513600,9920.63,9920.63,0.0,9920.63,0,0,0
1788513900,9920.63,9920.63,0.0,9920.63,0,0,0
1788514200,9920.63,9920.63,0.0,9920.63,0,0,0
1788514500,9920.63,9920.63,0.0,9920.63,0,0,0
1788514800,9920.63,9920.63,0.0,9920.63,0,0,0
1788515100,9920.63,9920.63,0.0,9920.63,0,0,0
1788515400,9920.63,9920.63,0.0,9920.63,0,0,0
1788515700,9920.63,9920.63,0.0,9920.63,0,0,0
1788516000,9920.63,9920.63,0.0,9920.63,0,0,0
1788516300,9920.63,9920.63,0.0,9920.63,0,0,0
1788516600,9920.63,9920.63,0.0,9920.63,0,0,0
1788516900,9920.63,9920.63,0.0,9920.63,0,0,0
1788517200,9920.63,9920.63,0.0,9920.63,0,0,0
1788517500,9920.63,9920.63,0.0,9920.63,0,0,0
1788517800,9920.22,9911.16,98.56,9812.6,1,0,0
1788518100,9920.22,9890.77,98.56,9792.21,1,0,0
1788518400,9920.22,9902.85,98.56,9804.29,1,0,0
1788518700,9920.22,9902.09,98.56,9803.53,1,0,0
1788519000,9920.22,9908.89,98.56,9810.33,1,0,0
1788519300,9920.22,9908.89,98.56,9810.33,1,0,0
1788519600,9920.22,9914.93,98.56,9816.37,1,0,0
1788519900,9920.22,9902.09,98.56,9803.53,1,0,0
1788520200,9920.22,9913.42,98.56,9814.86,1,0,0
1788520500,9920.22,9911.91,98.56,9813.35,1,0,0
1788520800,9920.22,9905.11,98.56,9806.55,1,0,0
1788521100,9920.22,9905.87,98.56,9807.31,1,0,0
1788521400,9920.22,9910.4,98.56,9811.84,1,0,0
1788521700,9920.22,9911.91,98.56,9813.35,1,0,0
1788522000,9920.22,9933.82,98.56,9835.26,1,0,0
1788522300,9920.22,9928.53,98.56,9829.97,1,0,0
1788522600,9920.22,9931.55,98.56,9832.99,1,0,0
1788522900,9920.22,9932.31,98.56,9833.75,1,0,0
1788523200,9920.22,9933.06,98.56,9834.5,1,0,0
1788523500,9920.22,9917.2,98.56,9818.64,1,0,0
1788523800,9920.22,9927.77,98.56,9829.21,1,0,0
1788524100,9920.22,9925.51,98.56,9826.95,1,0,0
1788524400,9920.22,9921.73,98.56,9823.17,1,0,0
1788524700,9920.22,9932.31,98.56,9833.75,1,0,0
1788525000,9920.22,9948.57,98.56,9850.01,1,0,0
1788525300,9920.22,9936.8,98.56,9838.24,1,0,0
1788525600,9920.22,9960.17,98.56,9861.61,1,0,0
1788525900,9920.22,9966.95,98.56,9868.39,1,0,0
1788526200,9920.22,9940.58,98.56,9842.02,1,0,0
1788526500,9920.22,9963.2,98.56,9864.64,1,0,0
1788526800,9920.0,9949.96,107.35,9842.61,1,1,0
1788527100,9920.0,9987.36,107.35,9880.01,1,1,0
1788527400,9920.0,9963.86,107.35,9856.51,1,1,0
1788527700,9920.0,9914.59,107.35,9807.24,1,1,0
1788528000,9920.0,9894.78,107.35,9787.43,1,1,0
1788528300,9920.0,9875.77,107.35,9768.42,1,1,0
1788528600,9920.0,9847.95,107.35,9740.6,1,1,0
1788528900,9833.71,9855.6,98.56,9757.04,1,0,0
1788529200,9833.71,9864.65,98.56,9766.09,1,0,0
1788529500,9833.71,9872.21,98.56,9773.65,1,0,0
1788529800,9833.71,9874.49,98.56,9775.93,1,0,0
1788530100,9833.71,9857.87,98.56,9759.31,1,0,0
1788530400,9833.71,9854.84,98.56,9756.28,1,0,0
1788530700,9833.71,9852.58,98.56,9754.02,1,0,0
1788531000,9833.71,9847.3,98.56,9748.74,1,0,0
1788531300,9833.71,9860.13,98.56,9761.57,1,0,0
1788531600,9833.71,9845.04,98.56,9746.48,1,0,0
1788531900,9833.71,9835.22,98.56,9736.66,1,0,0
1788532200,9833.71,9826.16,98.56,9727.6,1,0,0
1788532500,9833.71,9818.6,98.56,9720.04,1,0,0
1788532800,9833.71,9814.45,98.56,9715.89,1,0,0
1788533100,9833.71,9803.12,98.56,9704.56,1,0,0
1788533400,9833.71,9792.55,98.56,9693.99,1,0,0
1788533700,9833.71,9785.01,98.56,9686.45,1,0,0
1788534000,9793.31,9793.31,0.0,9793.31,0,0,0
1788534300,9793.31,9793.31,0.0,9793.31,0,0,0
1788534600,9793.31,9793.31,0.0,9793.31,0,0,0
1788534900,9793.31,9793.31,0.0,9793.31,0,0,0
1788535200,9793.31,9793.31,0.0,9793.31,0,0,0
1788535500,9793.31,9793.31,0.0,9793.31,0,0,0
1788535800,9793.31,9793.31,0.0,9793.31,0,0,0
1788536100,9793.31,9793.31,0.0,9793.31,0,0,0
1788536400,9793.31,9793.31,0.0,9793.31,0,0,0
1788536700,9793.31,9793.31,0.0,9793.31,0,0,0
1788537000,9793.31,9793.31,0.0,9793.31,0,0,0
1788537300,9793.31,9793.31,0.0,9793.31,0,0,0
1788537600,9793.31,9793.31,0.0,9793.31,0,0,0
1788537900,9793.31,9793.31,0.0,9793.31,0,0,0
1788538200,9793.31,9793.31,0.0,9793.31,0,0,0
1788538500,9793.31,9793.31,0.0,9793.31,0,0,0
1788538800,9793.31,9793.31,0.0,9793.31,0,0,0
1788539100,9793.31,9793.31,0.0,9793.31,0,0,0
1788539400,9793.31,9793.31,0.0,9793.31,0,0,0
1788539700,9793.31,9793.31,0.0,9793.31,0,0,0
1788540000,9793.31,9793.31,0.0,9793.31,0,0,0
1788540300,9793.31,9793.31,0.0,9793.31,0,0,0
1788540600,9793.31,9793.31,0.0,9793.31,0,0,0
1788540900,9793.31,9793.31,0.0,9793.31,0,0,0
1788541200,9793.31,9793.31,0.0,9793.31,0,0,0
1788541500,9793.31,9793.31,0.0,9793.31,0,0,0
1788541800,9793.31,9793.31,0.0,9793.31,0,0,0
1788542100,9793.31,9793.31,0.0,9793.31,0,0,0
1788542400,9793.31,9793.31,0.0,9793.31,0,0,0
1788542700,9793.31,9793.31,0.0,9793.31,0,0,0
1788543000,9793.31,9793.31,0.0,9793.31,0,0,0
1788543300,9793.31,9793.31,0.0,9793.31,0,0,0
1788543600,9793.31,9793.31,0.0,9793.31,0,0,0
1788543900,9793.31,9793.31,0.0,9793.31,0,0,0
1788544200,9793.31,9793.31,0.0,9793.31,0,0,0
1788544500,9793.31,9793.31,0.0,9793.31,0,0,0
1788544800,9793.31,9793.31,0.0,9793.31,0,0,0
1788545100,9793.31,9793.31,0.0,9793.31,0,0,0
1788545400,9793.31,9793.31,0.0,9793.31,0,0,0
1788545700,9793.31,9793.31,0.0,9793.31,0,0,0
1788546000,9793.31,9793.31,0.0,9793.31,0,0,0
1788546300,9793.31,9793.31,0.0,9793.31,0,0,0
1788546600,9793.31,9793.31,0.0,9793.31,0,0,0
1788546900,9793.31,9793.31,0.0,9793.31,0,0,0
1788547200,9793.31,9793.31,0.0,9793.31,0,0,0
1788547500,9793.31,9793.31,0.0,9793.31,0,0,0
1788547800,9793.31,9793.31,0.0,9793.31,0,0,0
1788548100,9793.31,9793.31,0.0,9793.31,0,0,0
1788548400,9793.31,9793.31,0.0,9793.31,0,0,0
1788548700,9793.31,9793.31,0.0,9793.31,0,0,0
1788549000,9793.31,9793.31,0.0,9793.31,0,0,0
1788549300,9793.31,9793.31,0.0,9793.31,0,0,0
1788549600,9793.31,9793.31,0.0,9793.31,0,0,0
1788549900,9793.31,9793.31,0.0,9793.31,0,0,0
1788550200,9793.31,9793.31,0.0,9793.31,0,0,0
1788550500,9793.31,9793.31,0.0,9793.31,0,0,0
1788550800,9793.31,9793.31,0.0,9793.31,0,0,0
1788551100,9793.31,9793.31,0.0,9793.31,0,0,0
1788551400,9793.31,9793.31,0.0,9793.31,0,0,0
1788551700,9793.31,9793.31,0.0,9793.31,0,0,0
1788552000,9793.31,9793.31,0.0,9793.31,0,0,0
1788552300,9793.31,9793.31,0.0,9793.31,0,0,0
1788552600,9793.31,9793.31,0.0,9793.31,0,0,0
1788552900,9793.31,9793.31,0.0,9793.31,0,0,0
1788553200,9793.31,9793.31,0.0,9793.31,0,0,0
1788553500,9793.31,9793.31,0.0,9793.31,0,0,0
1788553800,9793.31,9793.31,0.0,9793.31,0,0,0
1788554100,9793.31,9793.31,0.0,9793.31,0,0,0
1788554400,9793.31,9793.31,0.0,9793.31,0,0,0
1788554700,9793.31,9793.31,0.0,9793.31,0,0,0
1788555000,9793.31,9793.31,0.0,9793.31,0,0,0
1788555300,9793.31,9793.31,0.0,9793.31,0,0,0
1788728730,9793.31,9793.31,0.0,9793.31,0,0,0
1788729001,9793.31,9793.31,0.0,9793.31,0,0,0
1788729301,9793.31,9793.31,0.0,9793.31,0,0,0
1788729601,9793.31,9793.31,0.0,9793.31,0,0,0
1788729932,9793.31,9793.31,0.0,9793.31,0,0,0
1788730207,9793.31,9793.31,0.0,9793.31,0,0,0
1788730503,9793.31,9793.31,0.0,9793.31,0,0,0
1788730807,9793.31,9793.31,0.0,9793.31,0,0,0
1788731101,9793.31,9793.31,0.0,9793.31,0,0,0
1788731401,9793.31,9793.31,0.0,9793.31,0,0,0
1788731702,9793.31,9793.31,0.0,9793.31,0,0,0
1788732000,9793.31,9793.31,0.0,9793.31,0,0,0
1788732300,9793.31,9793.31,0.0,9793.31,0,0,0
1788732600,9793.31,9793.31,0.0,9793.31,0,0,0
1788732900,9793.31,9793.31,0.0,9793.31,0,0,0
1788733201,9793.31,9793.31,0.0,9793.31,0,0,0
1788733500,9793.31,9793.31,0.0,9793.31,0,0,0
1788733800,9793.31,9793.31,0.0,9793.31,0,0,0
1788734100,9793.31,9793.31,0.0,9793.31,0,0,0
1788734400,9793.31,9793.31,0.0,9793.31,0,0,0
1788734700,9793.31,9793.31,0.0,9793.31,0,0,0
1788735000,9793.31,9793.31,0.0,9793.31,0,0,0
1788735300,9793.31,9793.31,0.0,9793.31,0,0,0
1788735600,9793.31,9793.31,0.0,9793.31,0,0,0
1788735900,9793.31,9793.31,0.0,9793.31,0,0,0
1788736200,9793.31,9793.31,0.0,9793.31,0,0,0
1788736500,9793.31,9793.31,0.0,9793.31,0,0,0
1788736800,9793.31,9793.31,0.0,9793.31,0,0,0
1788737100,9793.31,9793.31,0.0,9793.31,0,0,0
1788737400,9793.31,9793.31,0.0,9793.31,0,0,0
1788737700,9793.31,9793.31,0.0,9793.31,0,0,0
1788738001,9793.31,9793.31,0.0,9793.31,0,0,0
1788738300,9793.31,9793.31,0.0,9793.31,0,0,0
1788738600,9793.31,9793.31,0.0,9793.31,0,0,0
1788738900,9793.31,9793.31,0.0,9793.31,0,0,0
1788739200,9793.31,9793.31,0.0,9793.31,0,0,0
1788739500,9793.31,9793.31,0.0,9793.31,0,0,0
1788739800,9793.31,9793.31,0.0,9793.31,0,0,0
1788740100,9793.31,9793.31,0.0,9793.31,0,0,0
1788740400,9793.31,9793.31,0.0,9793.31,0,0,0
1788740700,9793.31,9793.31,0.0,9793.31,0,0,0
1788741000,9793.31,9793.31,0.0,9793.31,0,0,0
1788741300,9793.31,9793.31,0.0,9793.31,0,0,0
1788741600,9793.31,9793.31,0.0,9793.31,0,0,0
1788741900,9793.31,9793.31,0.0,9793.31,0,0,0
1788742200,9793.31,9793.31,0.0,9793.31,0,0,0
1788742500,9793.31,9793.31,0.0,9793.31,0,0,0
1788742800,9793.31,9793.31,0.0,9793.31,0,0,0
1788743100,9793.31,9793.31,0.0,9793.31,0,0,0
1788743400,9793.31,9793.31,0.0,9793.31,0,0,0
1788743700,9793.31,9793.31,0.0,9793.31,0,0,0
1788744000,9793.31,9793.31,0.0,9793.31,0,0,0
1788744300,9793.31,9793.31,0.0,9793.31,0,0,0
1788744600,9793.31,9793.31,0.0,9793.31,0,0,0
1788744900,9793.31,9793.31,0.0,9793.31,0,0,0
1788745200,9793.31,9793.31,0.0,9793.31,0,0,0
1788745500,9793.31,9793.31,0.0,9793.31,0,0,0
1788745800,9793.31,9793.31,0.0,9793.31,0,0,0
1788746100,9793.31,9793.31,0.0,9793.31,0,0,0
1788746400,9793.31,9793.31,0.0,9793.31,0,0,0
1788746700,9793.31,9793.31,0.0,9793.31,0,0,0
1788747000,9793.31,9793.31,0.0,9793.31,0,0,0
1788747300,9793.31,9793.31,0.0,9793.31,0,0,0
1788747600,9793.31,9793.31,0.0,9793.31,0,0,0
1788747900,9793.31,9793.31,0.0,9793.31,0,0,0
1788748200,9793.31,9793.31,0.0,9793.31,0,0,0
1788748500,9793.31,9793.31,0.0,9793.31,0,0,0
1788748800,9793.31,9793.31,0.0,9793.31,0,0,0
1788749100,9793.31,9793.31,0.0,9793.31,0,0,0
1788749400,9793.31,9793.31,0.0,9793.31,0,0,0
1788749700,9793.31,9793.31,0.0,9793.31,0,0,0
1788750000,9793.31,9793.31,0.0,9793.31,0,0,0
1788750300,9793.31,9793.31,0.0,9793.31,0,0,0
1788750600,9793.31,9793.31,0.0,9793.31,0,0,0
1788750900,9793.31,9793.31,0.0,9793.31,0,0,0
1788751200,9793.31,9793.31,0.0,9793.31,0,0,0
1788751500,9793.31,9793.31,0.0,9793.31,0,0,0
1788751800,9793.31,9793.31,0.0,9793.31,0,0,0
1788752100,9793.31,9793.31,0.0,9793.31,0,0,0
1788752400,9793.31,9793.31,0.0,9793.31,0,0,0
1788752700,9793.31,9793.31,0.0,9793.31,0,0,0
1788753000,9793.31,9793.31,0.0,9793.31,0,0,0
1788753300,9793.31,9793.31,0.0,9793.31,0,0,0
1788753600,9793.31,9793.31,0.0,9793.31,0,0,0
1788753900,9793.31,9793.31,0.0,9793.31,0,0,0
1788754200,9793.31,9793.31,0.0,9793.31,0,0,0
1788754500,9793.31,9793.31,0.0,9793.31,0,0,0
1788754800,9793.31,9793.31,0.0,9793.31,0,0,0
1788755100,9793.31,9793.31,0.0,9793.31,0,0,0
1788755400,9793.31,9793.31,0.0,9793.31,0,0,0
1788755700,9793.31,9793.31,0.0,9793.31,0,0,0
1788756000,9793.31,9793.31,0.0,9793.31,0,0,0
1788756300,9793.31,9793.31,0.0,9793.31,0,0,0
1788756600,9793.31,9793.31,0.0,9793.31,0,0,0
1788756900,9793.31,9793.31,0.0,9793.31,0,0,0
1788757200,9793.31,9793.31,0.0,9793.31,0,0,0
1788757500,9793.31,9793.31,0.0,9793.31,0,0,0
1788757801,9793.31,9793.31,0.0,9793.31,0,0,0
1788758100,9793.31,9793.31,0.0,9793.31,0,0,0
1788758400,9793.31,9793.31,0.0,9793.31,0,0,0
1788758700,9793.31,9793.31,0.0,9793.31,0,0,0
1788759000,9793.31,9793.31,0.0,9793.31,0,0,0
1788759300,9793.31,9793.31,0.0,9793.31,0,0,0
1788759600,9793.31,9793.31,0.0,9793.31,0,0,0
1788759900,9793.31,9793.31,0.0,9793.31,0,0,0
1788760200,9793.31,9793.31,0.0,9793.31,0,0,0
1788760500,9793.31,9793.31,0.0,9793.31,0,0,0
1788760800,9793.31,9793.31,0.0,9793.31,0,0,0
1788761100,9793.31,9793.31,0.0,9793.31,0,0,0
1788761400,9793.31,9793.31,0.0,9793.31,0,0,0
1788761700,9793.31,9793.31,0.0,9793.31,0,0,0
1788762000,9793.31,9793.31,0.0,9793.31,0,0,0
1788762300,9793.31,9793.31,0.0,9793.31,0,0,0
1788762600,9793.31,9793.31,0.0,9793.31,0,0,0
1788762900,9793.31,9793.31,0.0,9793.31,0,0,0
1788763200,9793.31,9793.31,0.0,9793.31,0,0,0
1788763500,9793.31,9793.31,0.0,9793.31,0,0,0
1788763800,9793.31,9793.31,0.0,9793.31,0,0,0
1788764100,9793.31,9793.31,0.0,9793.31,0,0,0
1788764400,9793.31,9793.31,0.0,9793.31,0,0,0
1788764700,9793.31,9793.31,0.0,9793.31,0,0,0
1788765000,9793.31,9793.31,0.0,9793.31,0,0,0
1788765300,9793.31,9793.31,0.0,9793.31,0,0,0
1788765600,9793.31,9793.31,0.0,9793.31,0,0,0
1788765900,9793.31,9793.31,0.0,9793.31,0,0,0
1788766200,9793.31,9793.31,0.0,9793.31,0,0,0
1788766500,9793.31,9793.31,0.0,9793.31,0,0,0
1788766800,9793.31,9793.31,0.0,9793.31,0,0,0
1788767100,9793.31,9793.31,0.0,9793.31,0,0,0
1788767400,9793.31,9793.31,0.0,9793.31,0,0,0
1788767700,9793.31,9793.31,0.0,9793.31,0,0,0
1788768000,9793.31,9793.31,0.0,9793.31,0,0,0
1788768300,9793.31,9793.31,0.0,9793.31,0,0,0
1788768600,9793.31,9793.31,0.0,9793.31,0,0,0
1788768900,9793.31,9793.31,0.0,9793.31,0,0,0
1788769200,9793.31,9793.31,0.0,9793.31,0,0,0
1788769500,9793.31,9793.31,0.0,9793.31,0,0,0
1788769800,9793.31,9793.31,0.0,9793.31,0,0,0
1788770100,9793.31,9793.31,0.0,9793.31,0,0,0
1788770400,9793.31,9793.31,0.0,9793.31,0,0,0
1788770701,9793.31,9793.31,0.0,9793.31,0,0,0
1788771000,9793.31,9793.31,0.0,9793.31,0,0,0
1788771300,9793.31,9793.31,0.0,9793.31,0,0,0
1788771600,9793.31,9793.31,0.0,9793.31,0,0,0
1788771900,9793.31,9793.31,0.0,9793.31,0,0,0
1788772200,9793.31,9793.31,0.0,9793.31,0,0,0
1788772500,9793.31,9793.31,0.0,9793.31,0,0,0
1788772800,9793.31,9793.31,0.0,9793.31,0,0,0
1788773100,9793.31,9793.31,0.0,9793.31,0,0,0
1788773400,9793.31,9793.31,0.0,9793.31,0,0,0
1788773700,9793.31,9793.31,0.0,9793.31,0,0,0
1788774000,9793.31,9793.31,0.0,9793.31,0,0,0
1788774300,9793.31,9793.31,0.0,9793.31,0,0,0
1788774600,9793.31,9793.31,0.0,9793.31,0,0,0
1788774900,9793.31,9793.31,0.0,9793.31,0,0,0
1788775200,9793.31,9793.31,0.0,9793.31,0,0,0
1788775500,9793.31,9793.31,0.0,9793.31,0,0,0
1788775800,9793.31,9793.31,0.0,9793.31,0,0,0
1788776100,9793.31,9793.31,0.0,9793.31,0,0,0
1788776400,9793.31,9793.31,0.0,9793.31,0,0,0
1788776700,9793.31,9793.31,0.0,9793.31,0,0,0
1788777000,9793.31,9793.31,0.0,9793.31,0,0,0
1788777300,9793.31,9793.31,0.0,9793.31,0,0,0
1788777600,9793.31,9793.31,0.0,9793.31,0,0,0
1788777900,9793.31,9793.31,0.0,9793.31,0,0,0
1788778200,9793.31,9793.31,0.0,9793.31,0,0,0
1788778500,9793.31,9793.31,0.0,9793.31,0,0,0
1788778800,9793.31,9793.31,0.0,9793.31,0,0,0
1788779100,9793.31,9793.31,0.0,9793.31,0,0,0
1788779400,9793.31,9793.31,0.0,9793.31,0,0,0
1788779700,9793.31,9793.31,0.0,9793.31,0,0,0
1788780000,9793.31,9793.31,0.0,9793.31,0,0,0
1788780300,9793.31,9793.31,0.0,9793.31,0,0,0
1788780600,9793.31,9793.31,0.0,9793.31,0,0,0
1788780900,9793.31,9793.31,0.0,9793.31,0,0,0
1788781200,9793.31,9793.31,0.0,9793.31,0,0,0
1788781500,9793.31,9793.31,0.0,9793.31,0,0,0
1788781800,9793.31,9793.31,0.0,9793.31,0,0,0
1788782100,9793.31,9793.31,0.0,9793.31,0,0,0
1788782400,9793.31,9793.31,0.0,9793.31,0,0,0
1788782700,9792.93,9794.32,90.47,9703.85,1,0,0
1788783000,9792.93,9788.05,90.47,9697.58,1,0,0
1788783300,9792.93,9791.54,90.47,9701.07,1,0,0
1788783600,9792.93,9780.38,90.47,9689.91,1,0,0
1788783900,9792.93,9771.31,90.47,9680.84,1,0,0
1788784200,9792.93,9769.91,90.47,9679.44,1,0,0
1788784500,9792.93,9766.42,90.47,9675.95,1,0,0
1788784800,9792.93,9770.61,90.47,9680.14,1,0,0
1788785100,9792.93,9772.7,90.47,9682.23,1,0,0
1788785400,9792.93,9762.23,90.47,9671.76,1,0,0
1788785700,9792.93,9754.57,90.47,9664.1,1,0,0
1788786000,9792.93,9766.42,90.47,9675.95,1,0,0
1788786300,9792.93,9767.82,90.47,9677.35,1,0,0
1788786600,9792.93,9767.12,90.47,9676.65,1,0,0
1788786900,9792.93,9757.35,90.47,9666.88,1,0,0
1788787200,9792.93,9760.15,90.47,9669.68,1,0,0
1788787500,9792.93,9748.99,90.47,9658.52,1,0,0
1788787800,9792.93,9749.69,90.47,9659.22,1,0,0
1788788100,9792.93,9749.68,90.47,9659.21,1,0,0
1788788400,9792.93,9753.17,90.47,9662.7,1,0,0
1788788700,9792.93,9753.87,90.47,9663.4,1,0,0
1788789000,9792.93,9748.28,90.47,9657.81,1,0,0
1788789300,9792.93,9737.81,90.47,9647.34,1,0,0
1788789600,9792.93,9739.9,90.47,9649.43,1,0,0
1788789900,9792.93,9748.97,90.47,9658.5,1,0,0
1788790200,9792.93,9752.46,90.47,9661.99,1,0,0
1788790500,9792.93,9747.57,90.47,9657.1,1,0,0
1788790800,9792.93,9750.36,90.47,9659.89,1,0,0
1788791100,9792.93,9745.47,90.47,9655.0,1,0,0
1788791400,9792.93,9741.99,90.47,9651.52,1,0,0
1788791700,9792.93,9744.78,90.47,9654.31,1,0,0
1788792000,9792.93,9741.99,90.47,9651.52,1,0,0
1788792300,9792.93,9744.08,90.47,9653.61,1,0,0
1788792600,9792.93,9741.3,90.47,9650.83,1,0,0
1788792900,9792.93,9742.7,90.47,9652.23,1,0,0
1788793200,9792.93,9758.04,90.47,9667.57,1,0,0
1788793500,9758.73,9758.73,0.0,9758.73,0,0,0
1788793800,9758.73,9758.73,0.0,9758.73,0,0,0
1788794100,9758.73,9758.73,0.0,9758.73,0,0,0
1788794400,9758.73,9758.73,0.0,9758.73,0,0,0
1788794700,9758.73,9758.73,0.0,9758.73,0,0,0
1788795000,9758.73,9758.73,0.0,9758.73,0,0,0
1788795300,9758.73,9758.73,0.0,9758.73,0,0,0
1788795600,9758.73,9758.73,0.0,9758.73,0,0,0
1788795900,9758.73,9758.73,0.0,9758.73,0,0,0
1788796200,9758.73,9758.73,0.0,9758.73,0,0,0
1788796500,9758.73,9758.73,0.0,9758.73,0,0,0
1788796800,9758.73,9758.73,0.0,9758.73,0,0,0
1788797100,9758.73,9758.73,0.0,9758.73,0,0,0
1788797400,9758.73,9758.73,0.0,9758.73,0,0,0
1788797700,9758.73,9758.73,0.0,9758.73,0,0,0
1788798000,9758.73,9758.73,0.0,9758.73,0,0,0
1788798300,9758.73,9758.73,0.0,9758.73,0,0,0
1788798600,9758.73,9758.73,0.0,9758.73,0,0,0
1788798900,9758.73,9758.73,0.0,9758.73,0,0,0
1788799200,9758.73,9758.73,0.0,9758.73,0,0,0
1788799500,9758.73,9758.73,0.0,9758.73,0,0,0
1788799800,9758.73,9758.73,0.0,9758.73,0,0,0
1788800100,9758.73,9758.73,0.0,9758.73,0,0,0
1788800400,9758.73,9758.73,0.0,9758.73,0,0,0
1788800700,9758.73,9758.73,0.0,9758.73,0,0,0
1788801001,9758.73,9758.73,0.0,9758.73,0,0,0
1788801300,9758.73,9758.73,0.0,9758.73,0,0,0
1788801600,9758.73,9758.73,0.0,9758.73,0,0,0
1788801900,9758.73,9758.73,0.0,9758.73,0,0,0
1788802200,9758.73,9758.73,0.0,9758.73,0,0,0
1788802500,9758.73,9758.73,0.0,9758.73,0,0,0
1788802800,9758.73,9758.73,0.0,9758.73,0,0,0
1788803100,9758.73,9758.73,0.0,9758.73,0,0,0
1788803400,9758.73,9758.73,0.0,9758.73,0,0,0
1788803700,9758.73,9758.73,0.0,9758.73,0,0,0
1788804000,9758.73,9758.73,0.0,9758.73,0,0,0
1788804300,9758.73,9758.73,0.0,9758.73,0,0,0
1788804600,9758.73,9758.73,0.0,9758.73,0,0,0
1788804900,9758.73,9758.73,0.0,9758.73,0,0,0
1788805200,9758.73,9758.73,0.0,9758.73,0,0,0
1788805500,9758.73,9758.73,0.0,9758.73,0,0,0
1788805800,9758.73,9758.73,0.0,9758.73,0,0,0
1788806100,9758.73,9758.73,0.0,9758.73,0,0,0
1788806400,9758.73,9758.73,0.0,9758.73,0,0,0
1788806704,9758.73,9758.73,0.0,9758.73,0,0,0
1788807000,9758.73,9758.73,0.0,9758.73,0,0,0
1788807300,9758.73,9758.73,0.0,9758.73,0,0,0
1788807600,9758.73,9758.73,0.0,9758.73,0,0,0
1788807901,9758.73,9758.73,0.0,9758.73,0,0,0
1788808200,9758.73,9758.73,0.0,9758.73,0,0,0
1788808500,9758.73,9758.73,0.0,9758.73,0,0,0
1788808800,9758.73,9758.73,0.0,9758.73,0,0,0
1788809100,9758.73,9758.73,0.0,9758.73,0,0,0
1788809400,9758.73,9758.73,0.0,9758.73,0,0,0
1788809701,9758.73,9758.73,0.0,9758.73,0,0,0
1788810001,9758.73,9758.73,0.0,9758.73,0,0,0
1788810300,9758.73,9758.73,0.0,9758.73,0,0,0
1788810600,9758.73,9758.73,0.0,9758.73,0,0,0
1788810900,9758.73,9758.73,0.0,9758.73,0,0,0
1788811200,9758.73,9758.73,0.0,9758.73,0,0,0
1788811500,9758.73,9758.73,0.0,9758.73,0,0,0
1788811800,9758.73,9758.73,0.0,9758.73,0,0,0
1788812100,9758.73,9758.73,0.0,9758.73,0,0,0
1788812404,9758.73,9758.73,0.0,9758.73,0,0,0
1788812700,9758.73,9758.73,0.0,9758.73,0,0,0
1788813000,9758.73,9758.73,0.0,9758.73,0,0,0
1788813301,9758.73,9758.73,0.0,9758.73,0,0,0
1788813600,9758.73,9758.73,0.0,9758.73,0,0,0
1788813900,9758.73,9758.73,0.0,9758.73,0,0,0
1788814200,9758.73,9758.73,0.0,9758.73,0,0,0
1788814500,9758.73,9758.73,0.0,9758.73,0,0,0
1788814857,9758.73,9758.73,0.0,9758.73,0,0,0
1788815100,9758.73,9758.73,0.0,9758.73,0,0,0
1788815401,9758.73,9758.73,0.0,9758.73,0,0,0
1788815700,9758.73,9758.73,0.0,9758.73,0,0,0
1788816000,9758.73,9758.73,0.0,9758.73,0,0,0
1788816301,9758.73,9758.73,0.0,9758.73,0,0,0
1788816601,9758.73,9758.73,0.0,9758.73,0,0,0
1788816904,9758.73,9758.73,0.0,9758.73,0,0,0
1788817207,9758.73,9758.73,0.0,9758.73,0,0,0
1788817502,9758.73,9758.73,0.0,9758.73,0,0,0
1788817805,9758.73,9758.73,0.0,9758.73,0,0,0
1788818106,9758.73,9758.73,0.0,9758.73,0,0,0
1788818400,9758.73,9758.73,0.0,9758.73,0,0,0
1788818700,9758.73,9758.73,0.0,9758.73,0,0,0
1788819000,9758.73,9758.73,0.0,9758.73,0,0,0
1788819300,9758.73,9758.73,0.0,9758.73,0,0,0
1788819600,9758.73,9758.73,0.0,9758.73,0,0,0
1788819900,9758.73,9758.73,0.0,9758.73,0,0,0
1788820200,9758.73,9758.73,0.0,9758.73,0,0,0
1788820500,9758.73,9758.73,0.0,9758.73,0,0,0
1788820800,9758.73,9758.73,0.0,9758.73,0,0,0
1788821100,9758.73,9758.73,0.0,9758.73,0,0,0
1788821400,9758.73,9758.73,0.0,9758.73,0,0,0
1788821700,9758.73,9758.73,0.0,9758.73,0,0,0
1788822000,9758.73,9758.73,0.0,9758.73,0,0,0
1788822300,9758.73,9758.73,0.0,9758.73,0,0,0
1788822600,9758.73,9758.73,0.0,9758.73,0,0,0
1788822900,9758.73,9758.73,0.0,9758.73,0,0,0
1788823200,9758.73,9758.73,0.0,9758.73,0,0,0
1788823500,9758.73,9758.73,0.0,9758.73,0,0,0
1788823800,9758.73,9758.73,0.0,9758.73,0,0,0
1788824100,9758.73,9758.73,0.0,9758.73,0,0,0
1788824400,9758.73,9758.73,0.0,9758.73,0,0,0
1788824700,9758.73,9758.73,0.0,9758.73,0,0,0
1788825000,9758.73,9758.73,0.0,9758.73,0,0,0
1788825300,9758.73,9758.73,0.0,9758.73,0,0,0
1788825600,9758.73,9758.73,0.0,9758.73,0,0,0
1788825900,9758.73,9758.73,0.0,9758.73,0,0,0
1788826200,9758.73,9758.73,0.0,9758.73,0,0,0
1788826500,9758.73,9758.73,0.0,9758.73,0,0,0
1788826800,9758.73,9758.73,0.0,9758.73,0,0,0
1788827100,9758.73,9758.73,0.0,9758.73,0,0,0
1788827400,9758.73,9758.73,0.0,9758.73,0,0,0
1788827700,9758.73,9758.73,0.0,9758.73,0,0,0
1788828000,9758.73,9758.73,0.0,9758.73,0,0,0
1788828300,9758.73,9758.73,0.0,9758.73,0,0,0
1788828600,9758.73,9758.73,0.0,9758.73,0,0,0
1788828900,9758.73,9758.73,0.0,9758.73,0,0,0
1788829200,9758.73,9758.73,0.0,9758.73,0,0,0
1788829500,9758.73,9758.73,0.0,9758.73,0,0,0
1788829800,9758.73,9758.73,0.0,9758.73,0,0,0
1788830100,9758.73,9758.73,0.0,9758.73,0,0,0
1788830400,9758.73,9758.73,0.0,9758.73,0,0,0
1788830700,9758.73,9758.73,0.0,9758.73,0,0,0
1788831000,9758.73,9758.73,0.0,9758.73,0,0,0
1788831300,9758.73,9758.73,0.0,9758.73,0,0,0
1788831600,9758.73,9758.73,0.0,9758.73,0,0,0
1788831900,9758.73,9758.73,0.0,9758.73,0,0,0
1788832200,9758.73,9758.73,0.0,9758.73,0,0,0
1788832500,9758.73,9758.73,0.0,9758.73,0,0,0
1788832800,9758.73,9758.73,0.0,9758.73,0,0,0
1788833100,9758.73,9758.73,0.0,9758.73,0,0,0
1788833400,9758.73,9758.73,0.0,9758.73,0,0,0
1788833700,9758.73,9758.73,0.0,9758.73,0,0,0
1788834000,9758.73,9758.73,0.0,9758.73,0,0,0
1788834300,9758.73,9758.73,0.0,9758.73,0,0,0
1788834600,9758.73,9758.73,0.0,9758.73,0,0,0
1788834900,9758.73,9758.73,0.0,9758.73,0,0,0
1788835200,9758.73,9758.73,0.0,9758.73,0,0,0
1788835500,9758.73,9758.73,0.0,9758.73,0,0,0
1788835800,9758.73,9758.73,0.0,9758.73,0,0,0
1788836100,9758.73,9758.73,0.0,9758.73,0,0,0
1788836400,9758.73,9758.73,0.0,9758.73,0,0,0
1788836700,9758.73,9758.73,0.0,9758.73,0,0,0
1788837000,9758.73,9758.73,0.0,9758.73,0,0,0
1788837300,9758.73,9758.73,0.0,9758.73,0,0,0
1788837600,9758.73,9758.73,0.0,9758.73,0,0,0
1788837900,9758.73,9758.73,0.0,9758.73,0,0,0
1788838200,9758.73,9758.73,0.0,9758.73,0,0,0
1788838500,9758.73,9758.73,0.0,9758.73,0,0,0
1788838800,9758.73,9758.73,0.0,9758.73,0,0,0
1788839100,9758.73,9758.73,0.0,9758.73,0,0,0
1788839400,9758.73,9758.73,0.0,9758.73,0,0,0
1788839700,9758.73,9758.73,0.0,9758.73,0,0,0
1788840000,9758.73,9758.73,0.0,9758.73,0,0,0
1788840300,9758.73,9758.73,0.0,9758.73,0,0,0
1788840600,9758.73,9758.73,0.0,9758.73,0,0,0
1788840900,9758.73,9758.73,0.0,9758.73,0,0,0
1788841200,9758.73,9758.73,0.0,9758.73,0,0,0
1788841500,9758.73,9758.73,0.0,9758.73,0,0,0
1788841800,9758.73,9758.73,0.0,9758.73,0,0,0
1788842100,9758.73,9758.73,0.0,9758.73,0,0,0
1788842400,9758.73,9758.73,0.0,9758.73,0,0,0
1788842701,9758.73,9758.73,0.0,9758.73,0,0,0
1788843000,9758.73,9758.73,0.0,9758.73,0,0,0
1788843300,9758.73,9758.73,0.0,9758.73,0,0,0
1788843600,9758.73,9758.73,0.0,9758.73,0,0,0
1788843900,9758.73,9758.73,0.0,9758.73,0,0,0
1788844200,9758.73,9758.73,0.0,9758.73,0,0,0
1788844500,9758.73,9758.73,0.0,9758.73,0,0,0
1788844800,9758.73,9758.73,0.0,9758.73,0,0,0
1788845100,9758.73,9758.73,0.0,9758.73,0,0,0
1788845400,9758.73,9758.73,0.0,9758.73,0,0,0
1788845700,9758.73,9758.73,0.0,9758.73,0,0,0
1788846000,9758.73,9758.73,0.0,9758.73,0,0,0
1788846300,9758.73,9758.73,0.0,9758.73,0,0,0
1788846600,9758.73,9758.73,0.0,9758.73,0,0,0
1788846900,9758.73,9758.73,0.0,9758.73,0,0,0
1788847200,9758.73,9758.73,0.0,9758.73,0,0,0
1788847500,9758.73,9758.73,0.0,9758.73,0,0,0
1788847800,9758.73,9758.73,0.0,9758.73,0,0,0
1788848100,9758.73,9758.73,0.0,9758.73,0,0,0
1788848400,9758.73,9758.73,0.0,9758.73,0,0,0
1788848700,9758.73,9758.73,0.0,9758.73,0,0,0
1788849000,9758.73,9758.73,0.0,9758.73,0,0,0
1788849300,9758.73,9758.73,0.0,9758.73,0,0,0
1788849600,9758.73,9758.73,0.0,9758.73,0,0,0
1788849900,9758.73,9758.73,0.0,9758.73,0,0,0
1788850200,9758.73,9758.73,0.0,9758.73,0,0,0
1788850500,9758.73,9758.73,0.0,9758.73,0,0,0
1788850800,9758.73,9758.73,0.0,9758.73,0,0,0
1788851100,9758.73,9758.73,0.0,9758.73,0,0,0
1788851400,9758.73,9758.73,0.0,9758.73,0,0,0
1788851700,9758.73,9758.73,0.0,9758.73,0,0,0
1788852000,9758.73,9758.73,0.0,9758.73,0,0,0
1788852300,9758.73,9758.73,0.0,9758.73,0,0,0
1788852600,9758.73,9758.73,0.0,9758.73,0,0,0
1788852900,9758.73,9758.73,0.0,9758.73,0,0,0
1788853200,9758.73,9758.73,0.0,9758.73,0,0,0
1788853500,9758.73,9758.73,0.0,9758.73,0,0,0
1788853800,9758.73,9758.73,0.0,9758.73,0,0,0
1788854100,9758.73,9758.73,0.0,9758.73,0,0,0
1788854400,9758.73,9758.73,0.0,9758.73,0,0,0
1788854700,9758.38,9756.43,84.09,9672.34,1,0,0
1788855000,9758.38,9753.83,84.09,9669.74,1,0,0
1788855300,9758.38,9753.18,84.09,9669.09,1,0,0
1788855600,9758.38,9752.53,84.09,9668.44,1,0,0
1788855900,9758.38,9757.73,84.09,9673.64,1,0,0
1788856200,9758.38,9760.33,84.09,9676.24,1,0,0
1788856500,9758.38,9751.23,84.09,9667.14,1,0,0
1788856800,9758.38,9757.73,84.09,9673.64,1,0,0
1788857100,9758.38,9769.43,84.09,9685.34,1,0,0
1788857400,9758.38,9773.34,84.09,9689.25,1,0,0
1788857700,9758.38,9777.24,84.09,9693.15,1,0,0
1788858000,9758.38,9764.88,84.09,9680.79,1,0,0
1788858300,9758.38,9751.88,84.09,9667.79,1,0,0
1788858600,9758.38,9746.68,84.09,9662.59,1,0,0
1788858900,9758.38,9732.37,84.09,9648.28,1,0,0
1788859200,9758.38,9736.27,84.09,9652.18,1,0,0
1788859500,9758.38,9726.52,84.09,9642.43,1,0,0
1788859800,9758.38,9721.96,84.09,9637.87,1,0,0
1788860100,9758.38,9713.51,84.09,9629.42,1,0,0
1788860400,9758.38,9714.81,84.09,9630.72,1,0,0
1788860700,9758.38,9716.1,84.09,9632.01,1,0,0
1788861000,9758.38,9710.9,84.09,9626.81,1,0,0
1788861300,9758.38,9705.05,84.09,9620.96,1,0,0
1788861600,9758.38,9701.14,84.09,9617.05,1,0,0
1788861900,9758.38,9706.36,84.09,9622.27,1,0,0
1788862200,9758.38,9701.8,84.09,9617.71,1,0,0
1788862500,9758.38,9705.05,84.09,9620.96,1,0,0
1788862800,9758.38,9708.96,84.09,9624.87,1,0,0
1788863100,9758.38,9698.56,84.09,9614.47,1,0,0
1788863400,9758.38,9691.4,84.09,9607.31,1,0,0
1788863700,9758.38,9695.96,84.09,9611.87,1,0,0
1788864000,9758.38,9694.01,84.09,9609.92,1,0,0
1788864301,9758.38,9681.01,84.09,9596.92,1,0,0
1788864600,9758.38,9678.4,84.09,9594.31,1,0,0
1788864900,9758.38,9687.5,84.09,9603.41,1,0,0
1788865200,9758.38,9686.85,84.09,9602.76,1,0,0
1788865500,9758.38,9681.0,84.09,9596.91,1,0,0
1788865800,9758.38,9675.8,84.09,9591.71,1,0,0
1788866100,9758.38,9688.16,84.09,9604.07,1,0,0
1788866400,9758.38,9668.63,84.09,9584.54,1,0,0
1788866700,9758.38,9671.88,84.09,9587.79,1,0,0
1788867000,9758.38,9680.97,84.09,9596.88,1,0,0
1788867300,9758.38,9677.72,84.09,9593.63,1,0,0
1788867600,9758.38,9681.61,84.09,9597.52,1,0,0
1788867900,9758.38,9677.09,84.09,9593.0,1,0,0
1788868200,9758.38,9669.93,84.09,9585.84,1,0,0
1788868500,9758.38,9669.31,84.09,9585.22,1,0,0
1788868800,9758.38,9664.73,84.09,9580.64,1,0,0
1788869100,9758.38,9665.37,84.09,9581.28,1,0,0
1788869400,9758.38,9669.27,84.09,9585.18,1,0,0
1788869700,9758.38,9680.34,84.09,9596.25,1,0,0
1788870000,9758.38,9666.03,84.09,9581.94,1,0,0
1788870300,9659.52,9659.52,0.0,9659.52,0,0,0
1788870600,9659.52,9659.52,0.0,9659.52,0,0,0
1788870900,9659.52,9659.52,0.0,9659.52,0,0,0
1788871200,9659.52,9659.52,0.0,9659.52,0,0,0
1788871500,9659.52,9659.52,0.0,9659.52,0,0,0
1788871800,9659.52,9659.52,0.0,9659.52,0,0,0
1788872100,9659.52,9659.52,0.0,9659.52,0,0,0
1788872400,9659.52,9659.52,0.0,9659.52,0,0,0
1788872700,9659.52,9659.52,0.0,9659.52,0,0,0
1788873000,9659.52,9659.52,0.0,9659.52,0,0,0
1788873300,9659.52,9659.52,0.0,9659.52,0,0,0
1788873600,9659.52,9659.52,0.0,9659.52,0,0,0
1788873900,9659.52,9659.52,0.0,9659.52,0,0,0
1788874200,9659.52,9659.52,0.0,9659.52,0,0,0
1788874500,9659.52,9659.52,0.0,9659.52,0,0,0
1788874800,9659.52,9659.52,0.0,9659.52,0,0,0
1788875100,9659.52,9659.52,0.0,9659.52,0,0,0
1788875400,9659.52,9659.52,0.0,9659.52,0,0,0
1788875700,9659.52,9659.52,0.0,9659.52,0,0,0
1788876000,9659.52,9659.52,0.0,9659.52,0,0,0
1788876300,9659.52,9659.52,0.0,9659.52,0,0,0
1788876600,9659.52,9659.52,0.0,9659.52,0,0,0
1788876900,9659.52,9659.52,0.0,9659.52,0,0,0
1788877200,9659.52,9659.52,0.0,9659.52,0,0,0
1788877500,9659.52,9659.52,0.0,9659.52,0,0,0
1788877800,9659.52,9659.52,0.0,9659.52,0,0,0
1788878100,9659.52,9659.52,0.0,9659.52,0,0,0
1788878400,9659.52,9659.52,0.0,9659.52,0,0,0
1788878700,9659.52,9659.52,0.0,9659.52,0,0,0
1788879000,9659.52,9659.52,0.0,9659.52,0,0,0
1788879300,9659.52,9659.52,0.0,9659.52,0,0,0
1788879600,9659.52,9659.52,0.0,9659.52,0,0,0
1788879900,9659.52,9659.52,0.0,9659.52,0,0,0
1788880200,9659.52,9659.52,0.0,9659.52,0,0,0
1788880500,9659.52,9659.52,0.0,9659.52,0,0,0
1788880800,9659.52,9659.52,0.0,9659.52,0,0,0
1788881100,9659.52,9659.52,0.0,9659.52,0,0,0
1788881400,9659.52,9659.52,0.0,9659.52,0,0,0
1788881700,9659.52,9659.52,0.0,9659.52,0,0,0
1788882000,9659.52,9659.52,0.0,9659.52,0,0,0
1788882300,9659.52,9659.52,0.0,9659.52,0,0,0
1788882600,9659.52,9659.52,0.0,9659.52,0,0,0
1788882900,9659.52,9659.52,0.0,9659.52,0,0,0
1788883200,9659.52,9659.52,0.0,9659.52,0,0,0
1788883500,9659.52,9659.52,0.0,9659.52,0,0,0
1788883800,9659.52,9659.52,0.0,9659.52,0,0,0
1788884100,9659.52,9659.52,0.0,9659.52,0,0,0
1788884400,9659.52,9659.52,0.0,9659.52,0,0,0
1788884700,9659.52,9659.52,0.0,9659.52,0,0,0
1788885000,9659.52,9659.52,0.0,9659.52,0,0,0
1788885300,9659.52,9659.52,0.0,9659.52,0,0,0
1788885600,9659.52,9659.52,0.0,9659.52,0,0,0
1788885900,9659.52,9659.52,0.0,9659.52,0,0,0
1788886200,9659.52,9659.52,0.0,9659.52,0,0,0
1788886500,9659.52,9659.52,0.0,9659.52,0,0,0
1788886800,9659.52,9659.52,0.0,9659.52,0,0,0
1788887100,9659.52,9659.52,0.0,9659.52,0,0,0
1788887400,9659.52,9659.52,0.0,9659.52,0,0,0
1788887700,9659.52,9659.52,0.0,9659.52,0,0,0
1788888000,9659.52,9659.52,0.0,9659.52,0,0,0
1788888300,9659.52,9659.52,0.0,9659.52,0,0,0
1788888600,9659.52,9659.52,0.0,9659.52,0,0,0
1788888901,9659.52,9659.52,0.0,9659.52,0,0,0
1788889200,9659.52,9659.52,0.0,9659.52,0,0,0
1788889500,9659.52,9659.52,0.0,9659.52,0,0,0
1788889800,9659.52,9659.52,0.0,9659.52,0,0,0
1788890100,9659.52,9659.52,0.0,9659.52,0,0,0
1788890400,9659.52,9659.52,0.0,9659.52,0,0,0
1788890700,9659.52,9659.52,0.0,9659.52,0,0,0
1788891000,9659.52,9659.52,0.0,9659.52,0,0,0
1788891300,9659.52,9659.52,0.0,9659.52,0,0,0
1788891600,9659.52,9659.52,0.0,9659.52,0,0,0
1788891900,9659.52,9659.52,0.0,9659.52,0,0,0
1788892200,9659.52,9659.52,0.0,9659.52,0,0,0
1788892500,9659.52,9659.52,0.0,9659.52,0,0,0
1788892800,9659.52,9659.52,0.0,9659.52,0,0,0
1788893100,9659.52,9659.52,0.0,9659.52,0,0,0
1788893400,9659.52,9659.52,0.0,9659.52,0,0,0
1788893700,9659.52,9659.52,0.0,9659.52,0,0,0
1788894000,9659.52,9659.52,0.0,9659.52,0,0,0
1788894300,9659.52,9659.52,0.0,9659.52,0,0,0
1788894600,9659.52,9659.52,0.0,9659.52,0,0,0
1788894900,9659.52,9659.52,0.0,9659.52,0,0,0
1788895200,9659.52,9659.52,0.0,9659.52,0,0,0
1788895500,9659.52,9659.52,0.0,9659.52,0,0,0
1788895800,9659.52,9659.52,0.0,9659.52,0,0,0
1788896100,9659.52,9659.52,0.0,9659.52,0,0,0
1788896400,9659.52,9659.52,0.0,9659.52,0,0,0
1788896700,9659.52,9659.52,0.0,9659.52,0,0,0
1788897000,9659.52,9659.52,0.0,9659.52,0,0,0
1788897300,9659.52,9659.52,0.0,9659.52,0,0,0
1788897600,9659.52,9659.52,0.0,9659.52,0,0,0
1788897900,9659.52,9659.52,0.0,9659.52,0,0,0
1788898200,9659.52,9659.52,0.0,9659.52,0,0,0
1788898500,9659.52,9659.52,0.0,9659.52,0,0,0
1788898800,9659.52,9659.52,0.0,9659.52,0,0,0
1788899100,9659.52,9659.52,0.0,9659.52,0,0,0
1788899400,9659.52,9659.52,0.0,9659.52,0,0,0
1788899700,9659.52,9659.52,0.0,9659.52,0,0,0
1788900000,9659.52,9659.52,0.0,9659.52,0,0,0
1788900300,9659.52,9659.52,0.0,9659.52,0,0,0
1788900600,9659.52,9659.52,0.0,9659.52,0,0,0
1788900900,9659.52,9659.52,0.0,9659.52,0,0,0
1788901260,9659.52,9659.52,0.0,9659.52,0,0,0
1788901500,9659.52,9659.52,0.0,9659.52,0,0,0
1788901801,9659.52,9659.52,0.0,9659.52,0,0,0
1788902101,9659.52,9659.52,0.0,9659.52,0,0,0
1788902400,9659.52,9659.52,0.0,9659.52,0,0,0
1788902743,9659.52,9659.52,0.0,9659.52,0,0,0
1788903000,9659.52,9659.52,0.0,9659.52,0,0,0
1788903301,9659.52,9659.52,0.0,9659.52,0,0,0
1788903606,9659.52,9659.52,0.0,9659.52,0,0,0
1788903900,9659.52,9659.52,0.0,9659.52,0,0,0
1788904200,9659.52,9659.52,0.0,9659.52,0,0,0
1788904501,9659.52,9659.52,0.0,9659.52,0,0,0
1788904800,9659.52,9659.52,0.0,9659.52,0,0,0
1788905100,9659.52,9659.52,0.0,9659.52,0,0,0
1788905400,9659.52,9659.52,0.0,9659.52,0,0,0
1788905700,9659.52,9659.52,0.0,9659.52,0,0,0
1788906001,9659.52,9659.52,0.0,9659.52,0,0,0
1788906300,9659.52,9659.52,0.0,9659.52,0,0,0
1788906600,9659.52,9659.52,0.0,9659.52,0,0,0
1788906901,9659.52,9659.52,0.0,9659.52,0,0,0
1788907200,9659.52,9659.52,0.0,9659.52,0,0,0
1788907500,9659.52,9659.52,0.0,9659.52,0,0,0
1788907801,9659.52,9659.52,0.0,9659.52,0,0,0
1788908100,9659.52,9659.52,0.0,9659.52,0,0,0
1788908400,9659.52,9659.52,0.0,9659.52,0,0,0
1788908700,9659.52,9659.52,0.0,9659.52,0,0,0
1788909000,9659.52,9659.52,0.0,9659.52,0,0,0
1788909300,9659.52,9659.52,0.0,9659.52,0,0,0
1788909600,9659.52,9659.52,0.0,9659.52,0,0,0
1788909900,9659.52,9659.52,0.0,9659.52,0,0,0
1788910200,9659.52,9659.52,0.0,9659.52,0,0,0
1788910500,9659.52,9659.52,0.0,9659.52,0,0,0
1788910800,9659.52,9659.52,0.0,9659.52,0,0,0
1788911100,9659.52,9659.52,0.0,9659.52,0,0,0
1788911400,9659.52,9659.52,0.0,9659.52,0,0,0
1788911700,9659.52,9659.52,0.0,9659.52,0,0,0
1788912000,9659.52,9659.52,0.0,9659.52,0,0,0
1788912300,9659.52,9659.52,0.0,9659.52,0,0,0
1788912600,9659.52,9659.52,0.0,9659.52,0,0,0
1788912900,9659.52,9659.52,0.0,9659.52,0,0,0
1788913200,9659.52,9659.52,0.0,9659.52,0,0,0
1788913500,9659.52,9659.52,0.0,9659.52,0,0,0
1788913800,9659.52,9659.52,0.0,9659.52,0,0,0
1788914100,9659.52,9659.52,0.0,9659.52,0,0,0
1788914400,9659.52,9659.52,0.0,9659.52,0,0,0
1788914700,9659.52,9659.52,0.0,9659.52,0,0,0
1788915000,9659.52,9659.52,0.0,9659.52,0,0,0
1788915300,9659.52,9659.52,0.0,9659.52,0,0,0
1788915600,9659.52,9659.52,0.0,9659.52,0,0,0
1788915900,9659.52,9659.52,0.0,9659.52,0,0,0
1788916200,9659.52,9659.52,0.0,9659.52,0,0,0
1788916500,9659.52,9659.52,0.0,9659.52,0,0,0
1788916800,9659.52,9659.52,0.0,9659.52,0,0,0
1788917100,9659.52,9659.52,0.0,9659.52,0,0,0
1788917400,9659.52,9659.52,0.0,9659.52,0,0,0
1788917700,9659.52,9659.52,0.0,9659.52,0,0,0
1788918000,9659.52,9659.52,0.0,9659.52,0,0,0
1788918300,9659.52,9659.52,0.0,9659.52,0,0,0
1788918600,9659.52,9659.52,0.0,9659.52,0,0,0
1788918900,9659.52,9659.52,0.0,9659.52,0,0,0
1788919200,9659.52,9659.52,0.0,9659.52,0,0,0
1788919500,9659.52,9659.52,0.0,9659.52,0,0,0
1788919800,9659.52,9659.52,0.0,9659.52,0,0,0
1788920100,9659.52,9659.52,0.0,9659.52,0,0,0
1788920400,9659.52,9659.52,0.0,9659.52,0,0,0
1788920700,9659.52,9659.52,0.0,9659.52,0,0,0
1788921000,9659.52,9659.52,0.0,9659.52,0,0,0
1788921300,9659.52,9659.52,0.0,9659.52,0,0,0
1788921600,9659.52,9659.52,0.0,9659.52,0,0,0
1788921900,9659.52,9659.52,0.0,9659.52,0,0,0
1788922200,9659.52,9659.52,0.0,9659.52,0,0,0
1788922500,9659.52,9659.52,0.0,9659.52,0,0,0
1788922800,9659.52,9659.52,0.0,9659.52,0,0,0
1788923100,9659.52,9659.52,0.0,9659.52,0,0,0
1788923400,9659.52,9659.52,0.0,9659.52,0,0,0
1788923700,9659.52,9659.52,0.0,9659.52,0,0,0
1788924000,9659.52,9659.52,0.0,9659.52,0,0,0
1788924300,9659.52,9659.52,0.0,9659.52,0,0,0
1788924600,9659.52,9659.52,0.0,9659.52,0,0,0
1788924900,9659.52,9659.52,0.0,9659.52,0,0,0
1788925200,9659.52,9659.52,0.0,9659.52,0,0,0
1788925500,9659.52,9659.52,0.0,9659.52,0,0,0
1788925800,9659.52,9659.52,0.0,9659.52,0,0,0
1788926100,9659.52,9659.52,0.0,9659.52,0,0,0
1788926400,9659.52,9659.52,0.0,9659.52,0,0,0
1788926700,9659.52,9659.52,0.0,9659.52,0,0,0
1788927000,9659.52,9659.52,0.0,9659.52,0,0,0
1788927300,9659.52,9659.52,0.0,9659.52,0,0,0
1788927600,9659.52,9659.52,0.0,9659.52,0,0,0
1788927900,9659.52,9659.52,0.0,9659.52,0,0,0
1788928200,9659.52,9659.52,0.0,9659.52,0,0,0
1788928501,9659.52,9659.52,0.0,9659.52,0,0,0
1788928800,9659.52,9659.52,0.0,9659.52,0,0,0
1788929100,9659.52,9659.52,0.0,9659.52,0,0,0
1788929400,9659.52,9659.52,0.0,9659.52,0,0,0
1788929700,9659.52,9659.52,0.0,9659.52,0,0,0
1788930000,9659.52,9659.52,0.0,9659.52,0,0,0
1788930300,9659.52,9659.52,0.0,9659.52,0,0,0
1788930600,9659.52,9659.52,0.0,9659.52,0,0,0
1788930900,9659.52,9659.52,0.0,9659.52,0,0,0
1788931200,9659.52,9659.52,0.0,9659.52,0,0,0
1788931500,9659.52,9659.52,0.0,9659.52,0,0,0
1788931800,9659.52,9659.52,0.0,9659.52,0,0,0
1788932100,9659.52,9659.52,0.0,9659.52,0,0,0
1788932400,9659.52,9659.52,0.0,9659.52,0,0,0
1788932700,9659.52,9659.52,0.0,9659.52,0,0,0
1788933000,9659.52,9659.52,0.0,9659.52,0,0,0
1788933300,9659.52,9659.52,0.0,9659.52,0,0,0
1788933600,9659.52,9659.52,0.0,9659.52,0,0,0
1788933900,9659.52,9659.52,0.0,9659.52,0,0,0
1788934200,9659.52,9659.52,0.0,9659.52,0,0,0
1788934500,9659.52,9659.52,0.0,9659.52,0,0,0
1788934800,9659.52,9659.52,0.0,9659.52,0,0,0
1788935100,9659.52,9659.52,0.0,9659.52,0,0,0
1788935400,9659.52,9659.52,0.0,9659.52,0,0,0
1788935700,9659.52,9659.52,0.0,9659.52,0,0,0
1788936000,9659.52,9659.52,0.0,9659.52,0,0,0
1788936300,9659.52,9659.52,0.0,9659.52,0,0,0
1788936600,9659.52,9659.52,0.0,9659.52,0,0,0
1788936900,9659.52,9659.52,0.0,9659.52,0,0,0
1788937200,9659.52,9659.52,0.0,9659.52,0,0,0
1788937500,9659.52,9659.52,0.0,9659.52,0,0,0
1788937800,9659.52,9659.52,0.0,9659.52,0,0,0
1788938100,9659.52,9659.52,0.0,9659.52,0,0,0
1788938400,9659.52,9659.52,0.0,9659.52,0,0,0
1788938700,9659.52,9659.52,0.0,9659.52,0,0,0
1788939000,9659.52,9659.52,0.0,9659.52,0,0,0
1788939300,9659.52,9659.52,0.0,9659.52,0,0,0
1788939600,9659.52,9659.52,0.0,9659.52,0,0,0
1788939900,9659.52,9659.52,0.0,9659.52,0,0,0
1788940200,9659.52,9659.52,0.0,9659.52,0,0,0
1788940500,9659.52,9659.52,0.0,9659.52,0,0,0
1788940800,9659.52,9659.52,0.0,9659.52,0,0,0
1788941100,9659.52,9659.52,0.0,9659.52,0,0,0
1788941400,9659.52,9659.52,0.0,9659.52,0,0,0
1788941700,9659.52,9659.52,0.0,9659.52,0,0,0
1788942000,9659.52,9659.52,0.0,9659.52,0,0,0
1788942300,9659.52,9659.52,0.0,9659.52,0,0,0
1788942600,9659.52,9659.52,0.0,9659.52,0,0,0
1788942900,9659.52,9659.52,0.0,9659.52,0,0,0
1788943200,9659.52,9659.52,0.0,9659.52,0,0,0
1788943500,9659.08,9662.34,105.07,9557.27,1,0,0
1788943800,9659.08,9667.23,105.07,9562.16,1,0,0
1788944100,9659.08,9646.05,105.07,9540.98,1,0,0
1788944400,9659.08,9650.94,105.07,9545.87,1,0,0
1788944700,9659.08,9663.15,105.07,9558.08,1,0,0
1788945000,9659.08,9669.67,105.07,9564.6,1,0,0
1788945300,9659.08,9654.19,105.07,9549.12,1,0,0
1788945600,9659.08,9659.08,105.07,9554.01,1,0,0
1788945900,9659.08,9671.3,105.07,9566.23,1,0,0
1788946200,9659.08,9668.04,105.07,9562.97,1,0,0
1788946500,9659.08,9676.18,105.07,9571.11,1,0,0
1788946800,9659.08,9687.58,105.07,9582.51,1,0,0
1788947100,9659.08,9698.16,105.07,9593.09,1,0,0
1788947400,9659.08,9704.66,105.07,9599.59,1,0,0
1788947700,9659.08,9715.22,105.07,9610.15,1,0,0
1788948000,9659.08,9729.87,105.07,9624.8,1,0,0
1788948300,9659.08,9741.26,105.07,9636.19,1,0,0
1788948600,9659.08,9746.97,105.07,9641.9,1,0,0
1788948900,9659.08,9770.57,105.07,9665.5,1,0,0
1788949200,9659.08,9770.57,105.07,9665.5,1,0,0
1788949500,9659.08,9781.56,105.07,9676.49,1,0,0
1788949800,9659.08,9770.99,105.07,9665.92,1,0,0
1788950100,9659.08,9774.26,105.07,9669.19,1,0,0
1788950400,9659.08,9778.34,105.07,9673.27,1,0,0
1788950700,9659.08,9804.78,105.07,9699.71,1,0,0
1788951000,9659.08,9812.56,105.07,9707.49,1,0,0
1788951300,9659.08,9801.96,105.07,9696.89,1,0,0
1788951600,9659.08,9820.69,105.07,9715.62,1,0,0
1788951900,9659.08,9804.43,105.07,9699.36,1,0,0
1788952200,9659.08,9798.73,105.07,9693.66,1,0,0
1788952500,9659.08,9805.25,105.07,9700.18,1,0,0
1788952800,9659.08,9805.31,105.07,9700.24,1,0,0
1788953100,9659.08,9794.75,105.07,9689.68,1,0,0
1788953400,9659.08,9810.33,105.07,9705.26,1,0,0
1788953700,9659.08,9820.91,105.07,9715.84,1,0,0
1788954000,9659.08,9812.71,105.07,9707.64,1,0,0
1788954300,9659.08,9808.64,105.07,9703.57,1,0,0
1788954600,9659.08,9801.36,105.07,9696.29,1,0,0
1788954900,9659.08,9811.91,105.07,9706.84,1,0,0
1788955200,9659.08,9832.31,105.07,9727.24,1,0,0
1788955500,9659.08,9848.67,105.07,9743.6,1,0,0
1788955800,9659.08,9847.9,105.07,9742.83,1,0,0
1788956100,9659.08,9847.08,105.07,9742.01,1,0,0
1788956400,9659.08,9847.09,105.07,9742.02,1,0,0
1788956700,9659.08,9831.54,105.07,9726.47,1,0,0
1788957000,9659.08,9838.85,105.07,9733.78,1,0,0
1788957300,9659.08,9821.72,105.07,9716.65,1,0,0
1788957600,9659.08,9805.03,105.07,9699.96,1,0,0
1788957900,9659.08,9801.75,105.07,9696.68,1,0,0
1788958200,9659.08,9787.04,105.07,9681.97,1,0,0
1788958500,9659.08,9787.86,105.07,9682.79,1,0,0
1788958800,9659.08,9770.77,105.07,9665.7,1,0,0
1788959100,9659.08,9760.18,105.07,9655.11,1,0,0
1788959400,9659.08,9763.44,105.07,9658.37,1,0,0
1788959700,9659.08,9782.2,105.07,9677.13,1,0,0
1788960000,9659.08,9793.6,105.07,9688.53,1,0,0
1788960300,9659.08,9803.39,105.07,9698.32,1,0,0
1788960600,9659.08,9796.87,105.07,9691.8,1,0,0
1788960900,9659.08,9817.27,105.07,9712.2,1,0,0
1788961200,9659.08,9847.42,105.07,9742.35,1,0,0
1788961500,9659.08,9836.84,105.07,9731.77,1,0,0
1788961800,9659.08,9848.25,105.07,9743.18,1,0,0
1788962100,9659.08,9843.32,105.07,9738.25,1,0,0
1788962400,9659.08,9833.56,105.07,9728.49,1,0,0
1788962700,9659.08,9831.96,105.07,9726.89,1,0,0
1788963000,9659.08,9821.35,105.07,9716.28,1,0,0
1788963300,9659.08,9827.11,105.07,9722.04,1,0,0
1788963600,9659.08,9866.22,105.07,9761.15,1,0,0
1788963900,9659.08,9880.8,105.07,9775.73,1,0,0
1788964200,9659.08,9846.6,105.07,9741.53,1,0,0
1788964500,9659.08,9862.87,105.07,9757.8,1,0,0
1788964800,9659.08,9848.22,105.07,9743.15,1,0,0
1788965100,9659.08,9849.83,105.07,9744.76,1,0,0
1788965400,9659.08,9858.8,105.07,9753.73,1,0,0
1788965700,9659.08,9858.83,105.07,9753.76,1,0,0
1788966000,9659.08,9846.61,105.07,9741.54,1,0,0
1788966300,9847.43,9847.43,0.0,9847.43,0,0,0
1788966600,9847.43,9847.43,0.0,9847.43,0,0,0
1788966900,9847.43,9847.43,0.0,9847.43,0,0,0
1788967200,9847.43,9847.43,0.0,9847.43,0,0,0
1788967500,9847.43,9847.43,0.0,9847.43,0,0,0
1788967800,9847.43,9847.43,0.0,9847.43,0,0,0
1788968100,9847.43,9847.43,0.0,9847.43,0,0,0
1788968400,9847.43,9847.43,0.0,9847.43,0,0,0
1788968700,9847.43,9847.43,0.0,9847.43,0,0,0
1788969000,9847.43,9847.43,0.0,9847.43,0,0,0
1788969300,9847.43,9847.43,0.0,9847.43,0,0,0
1788969600,9847.43,9847.43,0.0,9847.43,0,0,0
1788969900,9847.43,9847.43,0.0,9847.43,0,0,0
1788970200,9847.43,9847.43,0.0,9847.43,0,0,0
1788970500,9847.43,9847.43,0.0,9847.43,0,0,0
1788970800,9847.43,9847.43,0.0,9847.43,0,0,0
1788971100,9847.43,9847.43,0.0,9847.43,0,0,0
1788971400,9847.43,9847.43,0.0,9847.43,0,0,0
1788971700,9847.43,9847.43,0.0,9847.43,0,0,0
1788972000,9847.43,9847.43,0.0,9847.43,0,0,0
1788972300,9847.43,9847.43,0.0,9847.43,0,0,0
1788972600,9847.43,9847.43,0.0,9847.43,0,0,0
1788972900,9847.43,9847.43,0.0,9847.43,0,0,0
1788973200,9847.43,9847.43,0.0,9847.43,0,0,0
1788973500,9847.43,9847.43,0.0,9847.43,0,0,0
1788973800,9847.43,9847.43,0.0,9847.43,0,0,0
1788974100,9847.43,9847.43,0.0,9847.43,0,0,0
1788974400,9847.43,9847.43,0.0,9847.43,0,0,0
1788974700,9847.43,9847.43,0.0,9847.43,0,0,0
1788975000,9847.43,9847.43,0.0,9847.43,0,0,0
1788975300,9847.43,9847.43,0.0,9847.43,0,0,0
1788975600,9847.43,9847.43,0.0,9847.43,0,0,0
1788975900,9847.43,9847.43,0.0,9847.43,0,0,0
1788976200,9847.43,9847.43,0.0,9847.43,0,0,0
1788976500,9847.43,9847.43,0.0,9847.43,0,0,0
1788976800,9847.43,9847.43,0.0,9847.43,0,0,0
1788977100,9847.43,9847.43,0.0,9847.43,0,0,0
1788977400,9847.43,9847.43,0.0,9847.43,0,0,0
1788977700,9847.43,9847.43,0.0,9847.43,0,0,0
1788978000,9847.43,9847.43,0.0,9847.43,0,0,0
1788978300,9847.43,9847.43,0.0,9847.43,0,0,0
1788978600,9847.43,9847.43,0.0,9847.43,0,0,0
1788978900,9847.43,9847.43,0.0,9847.43,0,0,0
1788979200,9847.43,9847.43,0.0,9847.43,0,0,0
1788979500,9847.43,9847.43,0.0,9847.43,0,0,0
1788979800,9847.43,9847.43,0.0,9847.43,0,0,0
1788980100,9847.43,9847.43,0.0,9847.43,0,0,0
1788980400,9847.43,9847.43,0.0,9847.43,0,0,0
1788980700,9847.43,9847.43,0.0,9847.43,0,0,0
1788981000,9847.43,9847.43,0.0,9847.43,0,0,0
1788981300,9847.43,9847.43,0.0,9847.43,0,0,0
1788981600,9847.43,9847.43,0.0,9847.43,0,0,0
1788981900,9847.43,9847.43,0.0,9847.43,0,0,0
1788982200,9847.43,9847.43,0.0,9847.43,0,0,0
1788982500,9847.43,9847.43,0.0,9847.43,0,0,0
1788982800,9847.43,9847.43,0.0,9847.43,0,0,0
1788983100,9847.43,9847.43,0.0,9847.43,0,0,0
1788983400,9847.43,9847.43,0.0,9847.43,0,0,0
1788983700,9847.43,9847.43,0.0,9847.43,0,0,0
1788984000,9847.43,9847.43,0.0,9847.43,0,0,0
1788984300,9847.43,9847.43,0.0,9847.43,0,0,0
1788984600,9847.43,9847.43,0.0,9847.43,0,0,0
1788984900,9847.43,9847.43,0.0,9847.43,0,0,0
1788985200,9847.43,9847.43,0.0,9847.43,0,0,0
1788985500,9847.43,9847.43,0.0,9847.43,0,0,0
1788985800,9847.43,9847.43,0.0,9847.43,0,0,0
1788986100,9847.43,9847.43,0.0,9847.43,0,0,0
1788986400,9847.43,9847.43,0.0,9847.43,0,0,0
1788986700,9847.43,9847.43,0.0,9847.43,0,0,0
1788987000,9847.43,9847.43,0.0,9847.43,0,0,0
1788987300,9847.43,9847.43,0.0,9847.43,0,0,0
1788987942,9847.43,9847.43,0.0,9847.43,0,0,0
1788988201,9847.43,9847.43,0.0,9847.43,0,0,0
1788988500,9847.43,9847.43,0.0,9847.43,0,0,0
1788988802,9847.43,9847.43,0.0,9847.43,0,0,0
1788989100,9847.43,9847.43,0.0,9847.43,0,0,0
1788989400,9847.43,9847.43,0.0,9847.43,0,0,0
1788989710,9847.43,9847.43,0.0,9847.43,0,0,0
1788990001,9847.43,9847.43,0.0,9847.43,0,0,0
1788990300,9847.43,9847.43,0.0,9847.43,0,0,0
1788990604,9847.43,9847.43,0.0,9847.43,0,0,0
1788990906,9847.43,9847.43,0.0,9847.43,0,0,0
1788991200,9847.43,9847.43,0.0,9847.43,0,0,0
1788991500,9847.43,9847.43,0.0,9847.43,0,0,0
1788991800,9847.43,9847.43,0.0,9847.43,0,0,0
1788992100,9847.43,9847.43,0.0,9847.43,0,0,0
1788992400,9847.43,9847.43,0.0,9847.43,0,0,0
1788992700,9847.43,9847.43,0.0,9847.43,0,0,0
1788993000,9847.43,9847.43,0.0,9847.43,0,0,0
1788993300,9847.43,9847.43,0.0,9847.43,0,0,0
1788993600,9847.43,9847.43,0.0,9847.43,0,0,0
1788993900,9847.43,9847.43,0.0,9847.43,0,0,0
1788994200,9847.43,9847.43,0.0,9847.43,0,0,0
1788994501,9847.43,9847.43,0.0,9847.43,0,0,0
1788994800,9847.43,9847.43,0.0,9847.43,0,0,0
1788995100,9847.43,9847.43,0.0,9847.43,0,0,0
1788995400,9847.43,9847.43,0.0,9847.43,0,0,0
1788995700,9847.43,9847.43,0.0,9847.43,0,0,0
1788996000,9847.43,9847.43,0.0,9847.43,0,0,0
1788996300,9847.43,9847.43,0.0,9847.43,0,0,0
1788996600,9847.43,9847.43,0.0,9847.43,0,0,0
1788996900,9847.43,9847.43,0.0,9847.43,0,0,0
1788997200,9847.43,9847.43,0.0,9847.43,0,0,0
1788997500,9847.43,9847.43,0.0,9847.43,0,0,0
1788997800,9847.43,9847.43,0.0,9847.43,0,0,0
1788998100,9847.43,9847.43,0.0,9847.43,0,0,0
1788998400,9847.43,9847.43,0.0,9847.43,0,0,0
1788998700,9847.43,9847.43,0.0,9847.43,0,0,0
1788999000,9847.43,9847.43,0.0,9847.43,0,0,0
1788999300,9847.43,9847.43,0.0,9847.43,0,0,0
1788999600,9847.43,9847.43,0.0,9847.43,0,0,0
1788999900,9847.43,9847.43,0.0,9847.43,0,0,0
1789000200,9847.43,9847.43,0.0,9847.43,0,0,0
1789000500,9847.43,9847.43,0.0,9847.43,0,0,0
1789000800,9847.43,9847.43,0.0,9847.43,0,0,0
1789001100,9847.43,9847.43,0.0,9847.43,0,0,0
1789001400,9847.43,9847.43,0.0,9847.43,0,0,0
1789001700,9847.43,9847.43,0.0,9847.43,0,0,0
1789002000,9847.43,9847.43,0.0,9847.43,0,0,0
1789002300,9847.43,9847.43,0.0,9847.43,0,0,0
1789002600,9847.43,9847.43,0.0,9847.43,0,0,0
1789002900,9847.43,9847.43,0.0,9847.43,0,0,0
1789003200,9847.43,9847.43,0.0,9847.43,0,0,0
1789003500,9847.43,9847.43,0.0,9847.43,0,0,0
1789003800,9847.43,9847.43,0.0,9847.43,0,0,0
1789004100,9847.43,9847.43,0.0,9847.43,0,0,0
1789004400,9847.43,9847.43,0.0,9847.43,0,0,0
1789004700,9847.43,9847.43,0.0,9847.43,0,0,0
1789005000,9847.43,9847.43,0.0,9847.43,0,0,0
1789005300,9847.43,9847.43,0.0,9847.43,0,0,0
1789005600,9847.43,9847.43,0.0,9847.43,0,0,0
1789005900,9847.43,9847.43,0.0,9847.43,0,0,0
1789006200,9847.43,9847.43,0.0,9847.43,0,0,0
1789006500,9847.43,9847.43,0.0,9847.43,0,0,0
1789006800,9847.43,9847.43,0.0,9847.43,0,0,0
1789007100,9847.43,9847.43,0.0,9847.43,0,0,0
1789007400,9847.43,9847.43,0.0,9847.43,0,0,0
1789007700,9847.43,9847.43,0.0,9847.43,0,0,0
1789008000,9847.43,9847.43,0.0,9847.43,0,0,0
1789008300,9847.43,9847.43,0.0,9847.43,0,0,0
1789008600,9847.43,9847.43,0.0,9847.43,0,0,0
1789008900,9847.43,9847.43,0.0,9847.43,0,0,0
1789009200,9847.43,9847.43,0.0,9847.43,0,0,0
1789009500,9847.43,9847.43,0.0,9847.43,0,0,0
1789009800,9847.43,9847.43,0.0,9847.43,0,0,0
1789010100,9847.43,9847.43,0.0,9847.43,0,0,0
1789010400,9847.43,9847.43,0.0,9847.43,0,0,0
1789010700,9847.43,9847.43,0.0,9847.43,0,0,0
1789011000,9847.43,9847.43,0.0,9847.43,0,0,0
1789011300,9847.43,9847.43,0.0,9847.43,0,0,0
1789011600,9847.43,9847.43,0.0,9847.43,0,0,0
1789011900,9847.43,9847.43,0.0,9847.43,0,0,0
1789012200,9847.43,9847.43,0.0,9847.43,0,0,0
1789012500,9847.43,9847.43,0.0,9847.43,0,0,0
1789012800,9847.43,9847.43,0.0,9847.43,0,0,0
1789013100,9847.43,9847.43,0.0,9847.43,0,0,0
1789013400,9847.43,9847.43,0.0,9847.43,0,0,0
1789013700,9847.43,9847.43,0.0,9847.43,0,0,0
1789014000,9847.43,9847.43,0.0,9847.43,0,0,0
1789014300,9847.43,9847.43,0.0,9847.43,0,0,0
1789014600,9847.43,9847.43,0.0,9847.43,0,0,0
1789014900,9847.43,9847.43,0.0,9847.43,0,0,0
1789015200,9847.43,9847.43,0.0,9847.43,0,0,0
1789015500,9847.43,9847.43,0.0,9847.43,0,0,0
1789015800,9847.43,9847.43,0.0,9847.43,0,0,0
1789016100,9847.43,9847.43,0.0,9847.43,0,0,0
1789016400,9847.43,9847.43,0.0,9847.43,0,0,0
1789016700,9847.43,9847.43,0.0,9847.43,0,0,0
1789017000,9847.43,9847.43,0.0,9847.43,0,0,0
1789017300,9847.43,9847.43,0.0,9847.43,0,0,0
1789017600,9847.43,9847.43,0.0,9847.43,0,0,0
1789017900,9847.43,9847.43,0.0,9847.43,0,0,0
1789018200,9847.43,9847.43,0.0,9847.43,0,0,0
1789018500,9847.43,9847.43,0.0,9847.43,0,0,0
1789018800,9847.43,9847.43,0.0,9847.43,0,0,0
1789019100,9847.43,9847.43,0.0,9847.43,0,0,0
1789019400,9847.43,9847.43,0.0,9847.43,0,0,0
1789019700,9847.43,9847.43,0.0,9847.43,0,0,0
1789020000,9847.43,9847.43,0.0,9847.43,0,0,0
1789020300,9847.43,9847.43,0.0,9847.43,0,0,0
1789020600,9847.43,9847.43,0.0,9847.43,0,0,0
1789020900,9847.43,9847.43,0.0,9847.43,0,0,0
1789021200,9847.43,9847.43,0.0,9847.43,0,0,0
1789021500,9847.43,9847.43,0.0,9847.43,0,0,0
1789021800,9847.43,9847.43,0.0,9847.43,0,0,0
1789022100,9847.43,9847.43,0.0,9847.43,0,0,0
1789022400,9847.43,9847.43,0.0,9847.43,0,0,0
1789022700,9847.43,9847.43,0.0,9847.43,0,0,0
1789023000,9847.43,9847.43,0.0,9847.43,0,0,0
1789023300,9847.43,9847.43,0.0,9847.43,0,0,0
1789023600,9847.43,9847.43,0.0,9847.43,0,0,0
1789023900,9847.43,9847.43,0.0,9847.43,0,0,0
1789024200,9847.43,9847.43,0.0,9847.43,0,0,0
1789024500,9847.43,9847.43,0.0,9847.43,0,0,0
1789024800,9847.43,9847.43,0.0,9847.43,0,0,0
1789025100,9847.43,9847.43,0.0,9847.43,0,0,0
1789025400,9847.43,9847.43,0.0,9847.43,0,0,0
1789025700,9847.43,9847.43,0.0,9847.43,0,0,0
1789026000,9847.43,9847.43,0.0,9847.43,0,0,0
1789026300,9847.43,9847.43,0.0,9847.43,0,0,0
1789026600,9847.43,9847.43,0.0,9847.43,0,0,0
1789026900,9847.43,9847.43,0.0,9847.43,0,0,0
1789027200,9847.43,9847.43,0.0,9847.43,0,0,0
1789027500,9847.43,9847.43,0.0,9847.43,0,0,0
1789027800,9846.77,9822.1,157.63,9664.47,1,0,0
1789028100,9846.77,9831.97,157.63,9674.34,1,0,0
1789028400,9846.77,9857.87,157.63,9700.24,1,0,0
1789028700,9846.77,9827.03,157.63,9669.4,1,0,0
1789029000,9846.77,9825.8,157.63,9668.17,1,0,0
1789029300,9846.77,9868.98,157.63,9711.35,1,0,0
1789029600,9846.77,9856.64,157.63,9699.01,1,0,0
1789029900,9846.77,9867.74,157.63,9710.11,1,0,0
1789030200,9846.77,9878.84,157.63,9721.21,1,0,0
1789030500,9846.77,9880.07,157.63,9722.44,1,0,0
1789030800,9846.77,9891.18,157.63,9733.55,1,0,0
1789031100,9846.77,9864.04,157.63,9706.41,1,0,0
1789031400,9846.77,9873.91,157.63,9716.28,1,0,0
1789031700,9846.77,9860.34,157.63,9702.71,1,0,0
1789032000,9846.77,9840.6,157.63,9682.97,1,0,0
1789032300,9846.77,9854.17,157.63,9696.54,1,0,0
1789032600,9846.77,9859.11,157.63,9701.48,1,0,0
1789032900,9846.77,9854.17,157.63,9696.54,1,0,0
1789033200,9846.77,9885.0,157.63,9727.37,1,0,0
1789033500,9846.77,9859.1,157.63,9701.47,1,0,0
1789033800,9846.77,9864.03,157.63,9706.4,1,0,0
1789034100,9846.77,9849.24,157.63,9691.61,1,0,0
1789034400,9846.77,9848.0,157.63,9690.37,1,0,0
1789034700,9846.77,9828.27,157.63,9670.64,1,0,0
1789035000,9846.77,9836.9,157.63,9679.27,1,0,0
1789035300,9846.77,9820.87,157.63,9663.24,1,0,0
1789035600,9846.77,9811.01,157.63,9653.38,1,0,0
1789035900,9846.77,9813.48,157.63,9655.85,1,0,0
1789036200,9846.77,9822.11,157.63,9664.48,1,0,0
1789036500,9846.77,9828.28,157.63,9670.65,1,0,0
1789036800,9846.77,9809.8,157.63,9652.17,1,0,0
1789037100,9846.77,9814.73,157.63,9657.1,1,0,0
1789037400,9846.77,9796.25,157.63,9638.62,1,0,0
1789037700,9846.77,9819.66,157.63,9662.03,1,0,0
1789038000,9846.77,9815.96,157.63,9658.33,1,0,0
1789038300,9846.77,9797.47,157.63,9639.84,1,0,0
1789038600,9846.77,9814.73,157.63,9657.1,1,0,0
1789038900,9846.77,9806.11,157.63,9648.48,1,0,0
1789039200,9846.77,9815.96,157.63,9658.33,1,0,0
1789039500,9846.77,9807.35,157.63,9649.72,1,0,0
1789039800,9846.77,9812.27,157.63,9654.64,1,0,0
1789040100,9846.77,9795.02,157.63,9637.39,1,0,0
1789040400,9846.77,9797.48,157.63,9639.85,1,0,0
1789040700,9846.77,9774.06,157.63,9616.43,1,0,0
1789041000,9846.77,9792.55,157.63,9634.92,1,0,0
1789041300,9846.77,9828.29,157.63,9670.66,1,0,0
1789041600,9846.77,9859.08,157.63,9701.45,1,0,0
1789041900,9846.77,9845.54,157.63,9687.91,1,0,0
1789042200,9846.77,9873.86,157.63,9716.23,1,0,0
1789042500,9846.77,9854.16,157.63,9696.53,1,0,0
1789042800,9846.77,9899.71,157.63,9742.08,1,0,0
1789043100,9846.77,9931.76,157.63,9774.13,1,0,0
1789043400,9846.77,9947.79,157.63,9790.16,1,0,0
1789043700,9846.77,10027.49,157.63,9869.86,1,0,0
1789044000,9846.77,9974.59,157.63,9816.96,1,0,0
1789044300,9846.77,9984.5,157.63,9826.87,1,0,0
1789044600,9846.77,9978.43,157.63,9820.8,1,0,0
1789044900,9846.77,9994.38,157.63,9836.75,1,0,0
1789045200,9846.77,10002.99,157.63,9845.36,1,0,0
1789045500,9846.77,9980.86,157.63,9823.23,1,0,0
1789045800,9846.77,9983.27,157.63,9825.64,1,0,0
1789046100,9846.77,9993.1,157.63,9835.47,1,0,0
1789046400,9846.77,9995.56,157.63,9837.93,1,0,0
1789046700,9846.77,10002.93,157.63,9845.3,1,0,0
1789047000,9846.77,9958.69,157.63,9801.06,1,0,0
1789047300,9846.77,9973.51,157.63,9815.88,1,0,0
1789047600,9846.77,9951.38,157.63,9793.75,1,0,0
1789047900,9846.77,9989.6,157.63,9831.97,1,0,0
1789048200,9846.77,9982.24,157.63,9824.61,1,0,0
1789048500,9846.77,10022.81,157.63,9865.18,1,0,0
1789048800,9846.77,10015.39,157.63,9857.76,1,0,0
1789049100,9846.77,9990.86,157.63,9833.23,1,0,0
1789049400,9846.77,9998.25,157.63,9840.62,1,0,0
1789049700,9846.77,10024.13,157.63,9866.5,1,0,0
1789050000,9846.77,9984.69,157.63,9827.06,1,0,0
1789050300,9846.77,9936.71,157.63,9779.08,1,0,0
1789050600,9846.77,9976.12,157.63,9818.49,1,0,0
1789050900,9846.77,10003.27,157.63,9845.64,1,0,0
1789051200,9846.77,10010.64,157.63,9853.01,1,0,0
1789051500,9846.77,10032.83,157.63,9875.2,1,0,0
1789051800,9846.77,10018.07,157.63,9860.44,1,0,0
1789052100,9846.77,10014.37,157.63,9856.74,1,0,0
1789052400,9846.77,10000.86,157.63,9843.23,1,0,0
1789052700,10002.09,10002.09,0.0,10002.09,0,0,0
1789053000,10002.09,10002.09,0.0,10002.09,0,0,0
1789053300,10002.09,10002.09,0.0,10002.09,0,0,0
1789053600,10002.09,10002.09,0.0,10002.09,0,0,0
1789053900,10002.09,10002.09,0.0,10002.09,0,0,0
1789054200,10002.09,10002.09,0.0,10002.09,0,0,0
1789054500,10002.09,10002.09,0.0,10002.09,0,0,0
1789054800,10002.09,10002.09,0.0,10002.09,0,0,0
1789055100,10002.09,10002.09,0.0,10002.09,0,0,0
1789055400,10002.09,10002.09,0.0,10002.09,0,0,0
1789055700,10002.09,10002.09,0.0,10002.09,0,0,0
1789056000,10002.09,10002.09,0.0,10002.09,0,0,0
1789056300,10002.09,10002.09,0.0,10002.09,0,0,0
1789056600,10002.09,10002.09,0.0,10002.09,0,0,0
1789056900,10002.09,10002.09,0.0,10002.09,0,0,0
1789057200,10002.09,10002.09,0.0,10002.09,0,0,0
1789057500,10002.09,10002.09,0.0,10002.09,0,0,0
1789057800,10002.09,10002.09,0.0,10002.09,0,0,0
1789058100,10002.09,10002.09,0.0,10002.09,0,0,0
1789058400,10002.09,10002.09,0.0,10002.09,0,0,0
1789058700,10002.09,10002.09,0.0,10002.09,0,0,0
1789059000,10002.09,10002.09,0.0,10002.09,0,0,0
1789059300,10002.09,10002.09,0.0,10002.09,0,0,0
1789059600,10002.09,10002.09,0.0,10002.09,0,0,0
1789059900,10002.09,10002.09,0.0,10002.09,0,0,0
1789060200,10002.09,10002.09,0.0,10002.09,0,0,0
1789060500,10002.09,10002.09,0.0,10002.09,0,0,0
1789060800,10002.09,10002.09,0.0,10002.09,0,0,0
1789061100,10002.09,10002.09,0.0,10002.09,0,0,0
1789061400,10002.09,10002.09,0.0,10002.09,0,0,0
1789061700,10002.09,10002.09,0.0,10002.09,0,0,0
1789062000,10002.09,10002.09,0.0,10002.09,0,0,0
1789062300,10002.09,10002.09,0.0,10002.09,0,0,0
1789062600,10002.09,10002.09,0.0,10002.09,0,0,0
1789062900,10002.09,10002.09,0.0,10002.09,0,0,0
1789063200,10002.09,10002.09,0.0,10002.09,0,0,0
1789063500,10002.09,10002.09,0.0,10002.09,0,0,0
1789063800,10002.09,10002.09,0.0,10002.09,0,0,0
1789064100,10002.09,10002.09,0.0,10002.09,0,0,0
1789064400,10002.09,10002.09,0.0,10002.09,0,0,0
1789064700,10002.09,10002.09,0.0,10002.09,0,0,0
1789065000,10002.09,10002.09,0.0,10002.09,0,0,0
1789065300,10002.09,10002.09,0.0,10002.09,0,0,0
1789065600,10002.09,10002.09,0.0,10002.09,0,0,0
1789065900,10002.09,10002.09,0.0,10002.09,0,0,0
1789066200,10002.09,10002.09,0.0,10002.09,0,0,0
1789066500,10002.09,10002.09,0.0,10002.09,0,0,0
1789066800,10002.09,10002.09,0.0,10002.09,0,0,0
1789067100,10002.09,10002.09,0.0,10002.09,0,0,0
1789067400,10002.09,10002.09,0.0,10002.09,0,0,0
1789067700,10002.09,10002.09,0.0,10002.09,0,0,0
1789068000,10002.09,10002.09,0.0,10002.09,0,0,0
1789068300,10002.09,10002.09,0.0,10002.09,0,0,0
1789068600,10002.09,10002.09,0.0,10002.09,0,0,0
1789068900,10002.09,10002.09,0.0,10002.09,0,0,0
1789069200,10002.09,10002.09,0.0,10002.09,0,0,0
1789069500,10002.09,10002.09,0.0,10002.09,0,0,0
1789069800,10002.09,10002.09,0.0,10002.09,0,0,0
1789070100,10002.09,10002.09,0.0,10002.09,0,0,0
1789070400,10002.09,10002.09,0.0,10002.09,0,0,0
1789070700,10002.09,10002.09,0.0,10002.09,0,0,0
1789071000,10002.09,10002.09,0.0,10002.09,0,0,0
1789071300,10002.09,10002.09,0.0,10002.09,0,0,0
1789071600,10002.09,10002.09,0.0,10002.09,0,0,0
1789071900,10002.09,10002.09,0.0,10002.09,0,0,0
1789072200,10002.09,10002.09,0.0,10002.09,0,0,0
1789072500,10002.09,10002.09,0.0,10002.09,0,0,0
1789072800,10002.09,10002.09,0.0,10002.09,0,0,0
1789073100,10002.09,10002.09,0.0,10002.09,0,0,0
1789073400,10002.09,10002.09,0.0,10002.09,0,0,0
1789073700,10002.09,10002.09,0.0,10002.09,0,0,0
1789074300,10002.09,10002.09,0.0,10002.09,0,0,0
1789074601,10002.09,10002.09,0.0,10002.09,0,0,0
1789074904,10002.09,10002.09,0.0,10002.09,0,0,0
1789075211,10002.09,10002.09,0.0,10002.09,0,0,0
1789075501,10002.09,10002.09,0.0,10002.09,0,0,0
1789075800,10002.09,10002.09,0.0,10002.09,0,0,0
1789076113,10002.09,10002.09,0.0,10002.09,0,0,0
1789076403,10002.09,10002.09,0.0,10002.09,0,0,0
1789076701,10002.09,10002.09,0.0,10002.09,0,0,0
1789077005,10002.09,10002.09,0.0,10002.09,0,0,0
1789077304,10002.09,10002.09,0.0,10002.09,0,0,0
1789077600,10002.09,10002.09,0.0,10002.09,0,0,0
1789077900,10002.09,10002.09,0.0,10002.09,0,0,0
1789078200,10002.09,10002.09,0.0,10002.09,0,0,0
1789078500,10002.09,10002.09,0.0,10002.09,0,0,0
1789078800,10002.09,10002.09,0.0,10002.09,0,0,0
1789079100,10002.09,10002.09,0.0,10002.09,0,0,0
1789079400,10002.09,10002.09,0.0,10002.09,0,0,0
1789079700,10002.09,10002.09,0.0,10002.09,0,0,0
1789080000,10002.09,10002.09,0.0,10002.09,0,0,0
1789080300,10002.09,10002.09,0.0,10002.09,0,0,0
1789080600,10002.09,10002.09,0.0,10002.09,0,0,0
1789080900,10002.09,10002.09,0.0,10002.09,0,0,0
1789081200,10002.09,10002.09,0.0,10002.09,0,0,0
1789081500,10002.09,10002.09,0.0,10002.09,0,0,0
1789081800,10002.09,10002.09,0.0,10002.09,0,0,0
1789082100,10002.09,10002.09,0.0,10002.09,0,0,0
1789082400,10002.09,10002.09,0.0,10002.09,0,0,0
1789082700,10002.09,10002.09,0.0,10002.09,0,0,0
1789083000,10002.09,10002.09,0.0,10002.09,0,0,0
1789083300,10002.09,10002.09,0.0,10002.09,0,0,0
1789083600,10002.09,10002.09,0.0,10002.09,0,0,0
1789083900,10002.09,10002.09,0.0,10002.09,0,0,0
1789084200,10002.09,10002.09,0.0,10002.09,0,0,0
1789084500,10002.09,10002.09,0.0,10002.09,0,0,0
1789084800,10002.09,10002.09,0.0,10002.09,0,0,0
1789085100,10002.09,10002.09,0.0,10002.09,0,0,0
1789085400,10002.09,10002.09,0.0,10002.09,0,0,0
1789085700,10002.09,10002.09,0.0,10002.09,0,0,0
1789086000,10002.09,10002.09,0.0,10002.09,0,0,0
1789086300,10002.09,10002.09,0.0,10002.09,0,0,0
1789086600,10002.09,10002.09,0.0,10002.09,0,0,0
1789086900,10002.09,10002.09,0.0,10002.09,0,0,0
1789087200,10002.09,10002.09,0.0,10002.09,0,0,0
1789087500,10002.09,10002.09,0.0,10002.09,0,0,0
1789087800,10002.09,10002.09,0.0,10002.09,0,0,0
1789088100,10002.09,10002.09,0.0,10002.09,0,0,0
1789088400,10002.09,10002.09,0.0,10002.09,0,0,0
1789088700,10002.09,10002.09,0.0,10002.09,0,0,0
1789089000,10002.09,10002.09,0.0,10002.09,0,0,0
1789089300,10002.09,10002.09,0.0,10002.09,0,0,0
1789089600,10002.09,10002.09,0.0,10002.09,0,0,0
1789089900,10002.09,10002.09,0.0,10002.09,0,0,0
1789090200,10002.09,10002.09,0.0,10002.09,0,0,0
1789090500,10002.09,10002.09,0.0,10002.09,0,0,0
1789090800,10002.09,10002.09,0.0,10002.09,0,0,0
1789091100,10002.09,10002.09,0.0,10002.09,0,0,0
1789091400,10002.09,10002.09,0.0,10002.09,0,0,0
1789091700,10002.09,10002.09,0.0,10002.09,0,0,0
1789092000,10002.09,10002.09,0.0,10002.09,0,0,0
1789092300,10002.09,10002.09,0.0,10002.09,0,0,0
1789092600,10002.09,10002.09,0.0,10002.09,0,0,0
1789092900,10002.09,10002.09,0.0,10002.09,0,0,0
1789093200,10002.09,10002.09,0.0,10002.09,0,0,0
1789093500,10002.09,10002.09,0.0,10002.09,0,0,0
1789093800,10002.09,10002.09,0.0,10002.09,0,0,0
1789094100,10002.09,10002.09,0.0,10002.09,0,0,0
1789094400,10002.09,10002.09,0.0,10002.09,0,0,0
1789094700,10002.09,10002.09,0.0,10002.09,0,0,0
1789095000,10002.09,10002.09,0.0,10002.09,0,0,0
1789095300,10002.09,10002.09,0.0,10002.09,0,0,0
1789095600,10002.09,10002.09,0.0,10002.09,0,0,0
1789095900,10002.09,10002.09,0.0,10002.09,0,0,0
1789096200,10002.09,10002.09,0.0,10002.09,0,0,0
1789096500,10002.09,10002.09,0.0,10002.09,0,0,0
1789096800,10002.09,10002.09,0.0,10002.09,0,0,0
1789097100,10002.09,10002.09,0.0,10002.09,0,0,0
1789097400,10002.09,10002.09,0.0,10002.09,0,0,0
1789097700,10002.09,10002.09,0.0,10002.09,0,0,0
1789098000,10002.09,10002.09,0.0,10002.09,0,0,0
1789098300,10002.09,10002.09,0.0,10002.09,0,0,0
1789098600,10002.09,10002.09,0.0,10002.09,0,0,0
1789098900,10002.09,10002.09,0.0,10002.09,0,0,0
1789099200,10002.09,10002.09,0.0,10002.09,0,0,0
1789099500,10002.09,10002.09,0.0,10002.09,0,0,0
1789099800,10002.09,10002.09,0.0,10002.09,0,0,0
1789100100,10002.09,10002.09,0.0,10002.09,0,0,0
1789100400,10002.09,10002.09,0.0,10002.09,0,0,0
1789100700,10002.09,10002.09,0.0,10002.09,0,0,0
1789101000,10002.09,10002.09,0.0,10002.09,0,0,0
1789101300,10002.09,10002.09,0.0,10002.09,0,0,0
1789101600,10002.09,10002.09,0.0,10002.09,0,0,0
1789101900,10002.09,10002.09,0.0,10002.09,0,0,0
1789102200,10002.09,10002.09,0.0,10002.09,0,0,0
1789102500,10002.09,10002.09,0.0,10002.09,0,0,0
1789102800,10002.09,10002.09,0.0,10002.09,0,0,0
1789103100,10002.09,10002.09,0.0,10002.09,0,0,0
1789103400,10002.09,10002.09,0.0,10002.09,0,0,0
1789103700,10002.09,10002.09,0.0,10002.09,0,0,0
1789104000,10002.09,10002.09,0.0,10002.09,0,0,0
1789104300,10002.09,10002.09,0.0,10002.09,0,0,0
1789104600,10002.09,10002.09,0.0,10002.09,0,0,0
1789104900,10002.09,10002.09,0.0,10002.09,0,0,0
1789105200,10002.09,10002.09,0.0,10002.09,0,0,0
1789105500,10002.09,10002.09,0.0,10002.09,0,0,0
1789105800,10002.09,10002.09,0.0,10002.09,0,0,0
1789106100,10002.09,10002.09,0.0,10002.09,0,0,0
1789106400,10002.09,10002.09,0.0,10002.09,0,0,0
1789106700,10002.09,10002.09,0.0,10002.09,0,0,0
1789107000,10002.09,10002.09,0.0,10002.09,0,0,0
1789107300,10002.09,10002.09,0.0,10002.09,0,0,0
1789107600,10002.09,10002.09,0.0,10002.09,0,0,0
1789107900,10002.09,10002.09,0.0,10002.09,0,0,0
1789108200,10002.09,10002.09,0.0,10002.09,0,0,0
1789108500,10002.09,10002.09,0.0,10002.09,0,0,0
1789108800,10002.09,10002.09,0.0,10002.09,0,0,0
1789109100,10002.09,10002.09,0.0,10002.09,0,0,0
1789109400,10002.09,10002.09,0.0,10002.09,0,0,0
1789109700,10002.09,10002.09,0.0,10002.09,0,0,0
1789110000,10002.09,10002.09,0.0,10002.09,0,0,0
1789110300,10002.09,10002.09,0.0,10002.09,0,0,0
1789110600,10002.09,10002.09,0.0,10002.09,0,0,0
1789110900,10002.09,10002.09,0.0,10002.09,0,0,0
1789111200,10002.09,10002.09,0.0,10002.09,0,0,0
1789111500,10002.09,10002.09,0.0,10002.09,0,0,0
1789111800,10002.09,10002.09,0.0,10002.09,0,0,0
1789112100,10002.09,10002.09,0.0,10002.09,0,0,0
1789112400,10002.09,10002.09,0.0,10002.09,0,0,0
1789112700,10002.09,10002.09,0.0,10002.09,0,0,0
1789113000,10002.09,10002.09,0.0,10002.09,0,0,0
1789113300,10002.09,10002.09,0.0,10002.09,0,0,0
1789113600,10002.09,10002.09,0.0,10002.09,0,0,0
1789113900,10002.09,10002.09,0.0,10002.09,0,0,0
1789114200,10002.09,10002.09,0.0,10002.09,0,0,0
1789114500,10002.09,10002.09,0.0,10002.09,0,0,0
1789114800,10002.09,10002.09,0.0,10002.09,0,0,0
1789115100,10002.09,10002.09,0.0,10002.09,0,0,0
1789115400,10002.09,10002.09,0.0,10002.09,0,0,0
1789115700,10002.09,10002.09,0.0,10002.09,0,0,0
1789116000,10002.09,10002.09,0.0,10002.09,0,0,0
1789116300,10002.09,10002.09,0.0,10002.09,0,0,0
1789116600,10002.09,10002.09,0.0,10002.09,0,0,0
1789116900,10001.65,9995.15,103.57,9891.58,1,0,0
1789117200,10001.65,10013.83,103.57,9910.26,1,0,0
1789117500,10001.65,10012.2,103.57,9908.63,1,0,0
1789117800,10001.65,9992.72,103.57,9889.15,1,0,0
1789118100,10001.65,9996.78,103.57,9893.21,1,0,0
1789118400,10001.65,10000.03,103.57,9896.46,1,0,0
1789118700,10001.65,10000.03,103.57,9896.46,1,0,0
1789119000,10001.65,10004.09,103.57,9900.52,1,0,0
1789119300,10001.65,10000.84,103.57,9897.27,1,0,0
1789119600,10001.65,10013.02,103.57,9909.45,1,0,0
1789119900,10001.65,10012.61,103.57,9909.04,1,0,0
1789120200,10001.65,10029.01,103.57,9925.44,1,0,0
1789120500,10001.65,10032.26,103.57,9928.69,1,0,0
1789120800,10001.65,10026.57,103.57,9923.0,1,0,0
1789121100,10001.65,10036.32,103.57,9932.75,1,0,0
1789121400,10001.65,10044.42,103.57,9940.85,1,0,0
1789121700,10001.65,10037.12,103.57,9933.55,1,0,0
1789122000,10001.65,10033.06,103.57,9929.49,1,0,0
1789122300,10001.65,10037.12,103.57,9933.55,1,0,0
1789122600,10001.65,10037.11,103.57,9933.54,1,0,0
1789122900,10001.65,10047.66,103.57,9944.09,1,0,0
1789123200,10001.65,10043.6,103.57,9940.03,1,0,0
1789123500,10001.65,10043.6,103.57,9940.03,1,0,0
1789123800,10001.65,10041.16,103.57,9937.59,1,0,0
1789124100,10001.65,10039.54,103.57,9935.97,1,0,0
1789124400,10001.65,10038.73,103.57,9935.16,1,0,0
1789124700,10001.65,10036.3,103.57,9932.73,1,0,0
1789125000,10001.65,10026.57,103.57,9923.0,1,0,0
1789125300,10001.65,10024.94,103.57,9921.37,1,0,0
1789125600,10001.65,10026.56,103.57,9922.99,1,0,0
1789125900,10001.65,10023.31,103.57,9919.74,1,0,0
1789126200,10001.65,10024.13,103.57,9920.56,1,0,0
1789126500,10001.65,10012.77,103.57,9909.2,1,0,0
1789126800,10001.65,10011.96,103.57,9908.39,1,0,0
1789127100,10001.65,10023.32,103.57,9919.75,1,0,0
1789127400,10001.65,10016.01,103.57,9912.44,1,0,0
1789127700,10001.65,10012.77,103.57,9909.2,1,0,0
1789128000,10001.65,10016.82,103.57,9913.25,1,0,0
1789128300,10001.65,10005.46,103.57,9901.89,1,0,0
1789128600,10001.65,10003.84,103.57,9900.27,1,0,0
1789128900,10001.65,10003.84,103.57,9900.27,1,0,0
1789129200,10001.65,10010.33,103.57,9906.76,1,0,0
1789129500,10001.65,10012.77,103.57,9909.2,1,0,0
1789129800,10001.65,10032.25,103.57,9928.68,1,0,0
1789130100,10001.65,10025.73,103.57,9922.16,1,0,0
1789130400,10001.65,10036.28,103.57,9932.71,1,0,0
1789130700,10001.65,10020.88,103.57,9917.31,1,0,0
1789131000,10001.65,10029.82,103.57,9926.25,1,0,0
1789131300,10001.65,10037.13,103.57,9933.56,1,0,0
1789131600,10001.43,10059.46,112.35,9947.11,1,1,0
1789131900,10001.43,10071.69,112.35,9959.34,1,1,0
1789132200,10001.43,10038.26,112.35,9925.91,1,1,0
1789132500,10001.43,10044.08,112.35,9931.73,1,1,0
1789132800,10001.43,10020.89,112.35,9908.54,1,1,0
1789133100,10001.43,10001.85,112.35,9889.5,1,1,0
1789133400,10001.43,10057.48,112.35,9945.13,1,1,0
1789133700,10001.43,10075.95,112.35,9963.6,1,1,0
1789134000,10001.43,10068.04,112.35,9955.69,1,1,0
1789134300,10001.43,10068.03,112.35,9955.68,1,1,0
1789134600,10001.43,10084.58,112.35,9972.23,1,1,0
1789134900,10001.43,10063.3,112.35,9950.95,1,1,0
1789135200,10001.43,10127.97,112.35,10015.62,1,1,0
1789135500,10001.43,10051.89,112.35,9939.54,1,1,0
1789135800,10001.43,10044.86,112.35,9932.51,1,1,0
1789136100,10001.43,10021.91,112.35,9909.56,1,1,0
1789136400,10001.43,10027.69,112.35,9915.34,1,1,0
1789136700,10001.43,9992.25,112.35,9879.9,1,1,0
1789137000,10001.43,9976.66,112.35,9864.31,1,1,0
1789137300,10001.43,9946.63,112.35,9834.28,1,1,0
1789137600,9915.9,9918.09,103.57,9814.52,1,0,0
1789137900,9915.9,9933.53,103.57,9829.96,1,0,0
1789138200,9915.9,9950.61,103.57,9847.04,1,0,0
1789138500,9915.9,9943.29,103.57,9839.72,1,0,0
1789138800,9935.17,9935.17,0.0,9935.17,0,0,0
1789139100,9935.17,9935.17,0.0,9935.17,0,0,0
1789139400,9935.17,9935.17,0.0,9935.17,0,0,0
1789139700,9935.17,9935.17,0.0,9935.17,0,0,0
1789140000,9935.17,9935.17,0.0,9935.17,0,0,0
1789140300,9935.17,9935.17,0.0,9935.17,0,0,0
1789140600,9935.17,9935.17,0.0,9935.17,0,0,0
1789140900,9935.17,9935.17,0.0,9935.17,0,0,0
1789141200,9935.17,9935.17,0.0,9935.17,0,0,0
1789141500,9935.17,9935.17,0.0,9935.17,0,0,0
1789141800,9935.17,9935.17,0.0,9935.17,0,0,0
1789142100,9935.17,9935.17,0.0,9935.17,0,0,0
1789142400,9935.17,9935.17,0.0,9935.17,0,0,0
1789142700,9935.17,9935.17,0.0,9935.17,0,0,0
1789143000,9935.17,9935.17,0.0,9935.17,0,0,0
1789143300,9935.17,9935.17,0.0,9935.17,0,0,0
1789143600,9935.17,9935.17,0.0,9935.17,0,0,0
1789143900,9935.17,9935.17,0.0,9935.17,0,0,0
1789144200,9935.17,9935.17,0.0,9935.17,0,0,0
1789144500,9935.17,9935.17,0.0,9935.17,0,0,0
1789144800,9935.17,9935.17,0.0,9935.17,0,0,0
1789145100,9935.17,9935.17,0.0,9935.17,0,0,0
1789145400,9935.17,9935.17,0.0,9935.17,0,0,0
1789145700,9935.17,9935.17,0.0,9935.17,0,0,0
1789146000,9935.17,9935.17,0.0,9935.17,0,0,0
1789146300,9935.17,9935.17,0.0,9935.17,0,0,0
1789146600,9935.17,9935.17,0.0,9935.17,0,0,0
1789146900,9935.17,9935.17,0.0,9935.17,0,0,0
1789147200,9935.17,9935.17,0.0,9935.17,0,0,0
1789147500,9935.17,9935.17,0.0,9935.17,0,0,0
1789147800,9935.17,9935.17,0.0,9935.17,0,0,0
1789148100,9935.17,9935.17,0.0,9935.17,0,0,0
1789148400,9935.17,9935.17,0.0,9935.17,0,0,0
1789148700,9935.17,9935.17,0.0,9935.17,0,0,0
1789149000,9935.17,9935.17,0.0,9935.17,0,0,0
1789149300,9935.17,9935.17,0.0,9935.17,0,0,0
1789149600,9935.17,9935.17,0.0,9935.17,0,0,0
1789149900,9935.17,9935.17,0.0,9935.17,0,0,0
1789150200,9935.17,9935.17,0.0,9935.17,0,0,0
1789150500,9935.17,9935.17,0.0,9935.17,0,0,0
1789150800,9935.17,9935.17,0.0,9935.17,0,0,0
1789151100,9935.17,9935.17,0.0,9935.17,0,0,0
1789151400,9935.17,9935.17,0.0,9935.17,0,0,0
1789151700,9935.17,9935.17,0.0,9935.17,0,0,0
1789152000,9935.17,9935.17,0.0,9935.17,0,0,0
1789152300,9935.17,9935.17,0.0,9935.17,0,0,0
1789152600,9935.17,9935.17,0.0,9935.17,0,0,0
1789152900,9935.17,9935.17,0.0,9935.17,0,0,0
1789153200,9935.17,9935.17,0.0,9935.17,0,0,0
1789153500,9935.17,9935.17,0.0,9935.17,0,0,0
1789153800,9935.17,9935.17,0.0,9935.17,0,0,0
1789154100,9935.17,9935.17,0.0,9935.17,0,0,0
1789154400,9935.17,9935.17,0.0,9935.17,0,0,0
1789154700,9935.17,9935.17,0.0,9935.17,0,0,0
1789155000,9935.17,9935.17,0.0,9935.17,0,0,0
1789155300,9935.17,9935.17,0.0,9935.17,0,0,0
1789155600,9935.17,9935.17,0.0,9935.17,0,0,0
1789155900,9935.17,9935.17,0.0,9935.17,0,0,0
1789156200,9935.17,9935.17,0.0,9935.17,0,0,0
1789156500,9935.17,9935.17,0.0,9935.17,0,0,0
1789156800,9935.17,9935.17,0.0,9935.17,0,0,0
1789157100,9935.17,9935.17,0.0,9935.17,0,0,0
1789157400,9935.17,9935.17,0.0,9935.17,0,0,0
1789157700,9935.17,9935.17,0.0,9935.17,0,0,0
1789158000,9935.17,9935.17,0.0,9935.17,0,0,0
1789158300,9935.17,9935.17,0.0,9935.17,0,0,0
1789158600,9935.17,9935.17,0.0,9935.17,0,0,0
1789158900,9935.17,9935.17,0.0,9935.17,0,0,0
1789159200,9935.17,9935.17,0.0,9935.17,0,0,0
1789159500,9935.17,9935.17,0.0,9935.17,0,0,0
1789159800,9935.17,9935.17,0.0,9935.17,0,0,0
1789160100,9935.17,9935.17,0.0,9935.17,0,0,0
1789333508,9935.17,9935.17,0.0,9935.17,0,0,0
1789333800,9935.17,9935.17,0.0,9935.17,0,0,0
1789334100,9935.17,9935.17,0.0,9935.17,0,0,0
1789334400,9935.17,9935.17,0.0,9935.17,0,0,0
1789334700,9935.17,9935.17,0.0,9935.17,0,0,0
1789335000,9935.17,9935.17,0.0,9935.17,0,0,0
1789335300,9935.17,9935.17,0.0,9935.17,0,0,0
1789335600,9935.17,9935.17,0.0,9935.17,0,0,0
1789335900,9935.17,9935.17,0.0,9935.17,0,0,0
1789336200,9935.17,9935.17,0.0,9935.17,0,0,0
1789336501,9935.17,9935.17,0.0,9935.17,0,0,0
1789336800,9935.17,9935.17,0.0,9935.17,0,0,0
1789337101,9935.17,9935.17,0.0,9935.17,0,0,0
1789337400,9935.17,9935.17,0.0,9935.17,0,0,0
1789337700,9935.17,9935.17,0.0,9935.17,0,0,0
1789338000,9935.17,9935.17,0.0,9935.17,0,0,0
1789338300,9935.17,9935.17,0.0,9935.17,0,0,0
1789338600,9935.17,9935.17,0.0,9935.17,0,0,0
1789338900,9935.17,9935.17,0.0,9935.17,0,0,0
1789339200,9935.17,9935.17,0.0,9935.17,0,0,0
1789339500,9935.17,9935.17,0.0,9935.17,0,0,0
1789339800,9935.17,9935.17,0.0,9935.17,0,0,0
1789340100,9935.17,9935.17,0.0,9935.17,0,0,0
1789340400,9935.17,9935.17,0.0,9935.17,0,0,0
1789340700,9935.17,9935.17,0.0,9935.17,0,0,0
1789341000,9935.17,9935.17,0.0,9935.17,0,0,0
1789341300,9935.17,9935.17,0.0,9935.17,0,0,0
1789341600,9935.17,9935.17,0.0,9935.17,0,0,0
1789341900,9935.17,9935.17,0.0,9935.17,0,0,0
1789342200,9935.17,9935.17,0.0,9935.17,0,0,0
1789342500,9935.17,9935.17,0.0,9935.17,0,0,0
1789342800,9935.17,9935.17,0.0,9935.17,0,0,0
1789343100,9935.17,9935.17,0.0,9935.17,0,0,0
1789343400,9935.17,9935.17,0.0,9935.17,0,0,0
1789343700,9935.17,9935.17,0.0,9935.17,0,0,0
1789344000,9935.17,9935.17,0.0,9935.17,0,0,0
1789344300,9935.17,9935.17,0.0,9935.17,0,0,0
1789344600,9935.17,9935.17,0.0,9935.17,0,0,0
1789344900,9935.17,9935.17,0.0,9935.17,0,0,0
1789345200,9935.17,9935.17,0.0,9935.17,0,0,0
1789345500,9935.17,9935.17,0.0,9935.17,0,0,0
1789345800,9935.17,9935.17,0.0,9935.17,0,0,0
1789346100,9935.17,9935.17,0.0,9935.17,0,0,0
1789346400,9935.17,9935.17,0.0,9935.17,0,0,0
1789346700,9935.17,9935.17,0.0,9935.17,0,0,0
1789347000,9935.17,9935.17,0.0,9935.17,0,0,0
1789347300,9935.17,9935.17,0.0,9935.17,0,0,0
1789347600,9935.17,9935.17,0.0,9935.17,0,0,0
1789347900,9935.17,9935.17,0.0,9935.17,0,0,0
1789348200,9935.17,9935.17,0.0,9935.17,0,0,0
1789348500,9935.17,9935.17,0.0,9935.17,0,0,0
1789348800,9935.17,9935.17,0.0,9935.17,0,0,0
1789349100,9935.17,9935.17,0.0,9935.17,0,0,0
1789349400,9935.17,9935.17,0.0,9935.17,0,0,0
1789349700,9935.17,9935.17,0.0,9935.17,0,0,0
1789350000,9935.17,9935.17,0.0,9935.17,0,0,0
1789350300,9935.17,9935.17,0.0,9935.17,0,0,0
1789350600,9935.17,9935.17,0.0,9935.17,0,0,0
1789350900,9935.17,9935.17,0.0,9935.17,0,0,0
1789351200,9935.17,9935.17,0.0,9935.17,0,0,0
1789351500,9935.17,9935.17,0.0,9935.17,0,0,0
1789351800,9935.17,9935.17,0.0,9935.17,0,0,0
1789352100,9935.17,9935.17,0.0,9935.17,0,0,0
1789352400,9935.17,9935.17,0.0,9935.17,0,0,0
1789352700,9935.17,9935.17,0.0,9935.17,0,0,0
1789353000,9935.17,9935.17,0.0,9935.17,0,0,0
1789353300,9935.17,9935.17,0.0,9935.17,0,0,0
1789353600,9935.17,9935.17,0.0,9935.17,0,0,0
1789353900,9935.17,9935.17,0.0,9935.17,0,0,0
1789354200,9935.17,9935.17,0.0,9935.17,0,0,0
1789354500,9935.17,9935.17,0.0,9935.17,0,0,0
1789354800,9935.17,9935.17,0.0,9935.17,0,0,0
1789355100,9935.17,9935.17,0.0,9935.17,0,0,0
1789355400,9935.17,9935.17,0.0,9935.17,0,0,0
1789355700,9935.17,9935.17,0.0,9935.17,0,0,0
1789356000,9935.17,9935.17,0.0,9935.17,0,0,0
1789356300,9935.17,9935.17,0.0,9935.17,0,0,0
1789356600,9935.17,9935.17,0.0,9935.17,0,0,0
1789356900,9935.17,9935.17,0.0,9935.17,0,0,0
1789357200,9935.17,9935.17,0.0,9935.17,0,0,0
1789357500,9935.17,9935.17,0.0,9935.17,0,0,0
1789357800,9935.17,9935.17,0.0,9935.17,0,0,0
1789358100,9935.17,9935.17,0.0,9935.17,0,0,0
1789358400,9935.17,9935.17,0.0,9935.17,0,0,0
1789358700,9935.17,9935.17,0.0,9935.17,0,0,0
1789359000,9935.17,9935.17,0.0,9935.17,0,0,0
1789359300,9935.17,9935.17,0.0,9935.17,0,0,0
1789359600,9935.17,9935.17,0.0,9935.17,0,0,0
1789359900,9935.17,9935.17,0.0,9935.17,0,0,0
1789360200,9935.17,9935.17,0.0,9935.17,0,0,0
1789360500,9935.17,9935.17,0.0,9935.17,0,0,0
1789360800,9935.17,9935.17,0.0,9935.17,0,0,0
1789361100,9935.17,9935.17,0.0,9935.17,0,0,0
1789361400,9935.17,9935.17,0.0,9935.17,0,0,0
1789361700,9935.17,9935.17,0.0,9935.17,0,0,0
1789362000,9935.17,9935.17,0.0,9935.17,0,0,0
1789362300,9935.17,9935.17,0.0,9935.17,0,0,0
1789362600,9935.17,9935.17,0.0,9935.17,0,0,0
1789362900,9935.17,9935.17,0.0,9935.17,0,0,0
1789363200,9935.17,9935.17,0.0,9935.17,0,0,0
1789363500,9935.17,9935.17,0.0,9935.17,0,0,0
1789363800,9935.17,9935.17,0.0,9935.17,0,0,0
1789364100,9935.17,9935.17,0.0,9935.17,0,0,0
1789364400,9935.17,9935.17,0.0,9935.17,0,0,0
1789364700,9935.17,9935.17,0.0,9935.17,0,0,0
1789365000,9935.17,9935.17,0.0,9935.17,0,0,0
1789365300,9935.17,9935.17,0.0,9935.17,0,0,0
1789365600,9935.17,9935.17,0.0,9935.17,0,0,0
1789365900,9935.17,9935.17,0.0,9935.17,0,0,0
1789366200,9935.17,9935.17,0.0,9935.17,0,0,0
1789366500,9935.17,9935.17,0.0,9935.17,0,0,0
1789366800,9935.17,9935.17,0.0,9935.17,0,0,0
1789367100,9935.17,9935.17,0.0,9935.17,0,0,0
1789367400,9935.17,9935.17,0.0,9935.17,0,0,0
1789367700,9935.17,9935.17,0.0,9935.17,0,0,0
1789368000,9935.17,9935.17,0.0,9935.17,0,0,0
1789368300,9935.17,9935.17,0.0,9935.17,0,0,0
1789368600,9935.17,9935.17,0.0,9935.17,0,0,0
1789368900,9935.17,9935.17,0.0,9935.17,0,0,0
1789369200,9935.17,9935.17,0.0,9935.17,0,0,0
1789369500,9935.17,9935.17,0.0,9935.17,0,0,0
1789369800,9935.17,9935.17,0.0,9935.17,0,0,0
1789370100,9935.17,9935.17,0.0,9935.17,0,0,0
1789370400,9935.17,9935.17,0.0,9935.17,0,0,0
1789370700,9935.17,9935.17,0.0,9935.17,0,0,0
1789371000,9935.17,9935.17,0.0,9935.17,0,0,0
1789371300,9935.17,9935.17,0.0,9935.17,0,0,0
1789371600,9935.17,9935.17,0.0,9935.17,0,0,0
1789371900,9935.17,9935.17,0.0,9935.17,0,0,0
1789372200,9935.17,9935.17,0.0,9935.17,0,0,0
1789372500,9935.17,9935.17,0.0,9935.17,0,0,0
1789372800,9935.17,9935.17,0.0,9935.17,0,0,0
1789373100,9935.17,9935.17,0.0,9935.17,0,0,0
1789373400,9935.17,9935.17,0.0,9935.17,0,0,0
1789373700,9935.17,9935.17,0.0,9935.17,0,0,0
1789374000,9935.17,9935.17,0.0,9935.17,0,0,0
1789374300,9935.17,9935.17,0.0,9935.17,0,0,0
1789374600,9934.83,9938.64,80.66,9857.98,1,0,0
1789374900,9934.83,9924.04,80.66,9843.38,1,0,0
1789375200,9934.83,9915.79,80.66,9835.13,1,0,0
1789375500,9934.83,9915.16,80.66,9834.5,1,0,0
1789375800,9934.83,9926.58,80.66,9845.92,1,0,0
1789376100,9934.83,9932.93,80.66,9852.27,1,0,0
1789376400,9934.83,9915.16,80.66,9834.5,1,0,0
1789376700,9934.83,9924.35,80.66,9843.69,1,0,0
1789377000,9934.83,9926.89,80.66,9846.23,1,0,0
1789377300,9934.83,9941.5,80.66,9860.84,1,0,0
1789377600,9934.83,9947.84,80.66,9867.18,1,0,0
1789377900,9934.61,9967.92,89.24,9878.68,1,0,1
1789378200,9934.61,9938.82,89.24,9849.58,1,0,1
1789378500,9934.61,9935.52,89.24,9846.28,1,0,1
1789378800,9934.61,9956.22,89.24,9866.98,1,0,1
1789379100,9934.61,9960.45,89.24,9871.21,1,0,1
1789379400,9934.61,9950.64,89.24,9861.4,1,0,1
1789379700,9934.61,9919.23,89.24,9829.99,1,0,1
1789380000,9934.61,9920.74,89.24,9831.5,1,0,1
1789380300,9934.61,9948.03,89.24,9858.79,1,0,1
1789380600,9934.61,9919.29,89.24,9830.05,1,0,1
1789380900,9934.61,9904.91,89.24,9815.67,1,0,1
1789381200,9934.61,9891.44,89.24,9802.2,1,0,1
1789381500,9934.61,9893.95,89.24,9804.71,1,0,1
1789381800,9934.61,9881.23,89.24,9791.99,1,0,1
1789382100,9934.61,9877.38,89.24,9788.14,1,0,1
1789382400,9934.61,9863.48,89.24,9774.24,1,0,1
1789382700,9934.61,9854.36,89.24,9765.12,1,0,1
1789383000,9934.61,9861.59,89.24,9772.35,1,0,1
1789383300,9934.61,9862.23,89.24,9772.99,1,0,1
1789383600,9934.61,9848.85,89.24,9759.61,1,0,1
1789383900,9934.61,9836.06,89.24,9746.82,1,0,1
1789384200,9934.61,9852.0,89.24,9762.76,1,0,1
1789384500,9934.61,9866.42,89.24,9777.18,1,0,1
1789384800,9934.61,9856.07,89.24,9766.83,1,0,1
1789385100,9934.61,9853.05,89.24,9763.81,1,0,1
1789385400,9934.61,9854.06,89.24,9764.82,1,0,1
1789385700,9934.61,9871.81,89.24,9782.57,1,0,1
1789386000,9934.61,9883.05,89.24,9793.81,1,0,1
1789386300,9934.61,9876.87,89.24,9787.63,1,0,1
1789386600,9934.61,9875.95,89.24,9786.71,1,0,1
1789386900,9934.61,9911.75,89.24,9822.51,1,0,1
1789387200,9934.61,9916.02,89.24,9826.78,1,0,1
1789387500,9934.61,9930.93,89.24,9841.69,1,0,1
1789387800,9934.61,9899.09,89.24,9809.85,1,0,1
1789388100,9934.61,9893.07,89.24,9803.83,1,0,1
1789388400,9934.61,9905.8,89.24,9816.56,1,0,1
1789388700,9934.61,9933.36,89.24,9844.12,1,0,1
1789389000,9934.61,9937.87,89.24,9848.63,1,0,1
1789389300,9934.61,9927.88,89.24,9838.64,1,0,1
1789389600,9934.61,9978.74,89.24,9889.5,1,0,1
1789389900,9934.61,9931.5,89.24,9842.26,1,0,1
1789390200,9934.61,9957.88,89.24,9868.64,1,0,1
1789390500,9934.61,9986.14,89.24,9896.9,1,0,1
1789390800,10013.03,9973.83,80.66,9893.17,1,0,0
1789391100,10013.03,10001.74,80.66,9921.08,1,0,0
1789391400,10013.03,10006.18,80.66,9925.52,1,0,0
1789391700,10013.03,9999.83,80.66,9919.17,1,0,0
1789392000,10013.03,9986.51,80.66,9905.85,1,0,0
1789392300,10013.03,9972.55,80.66,9891.89,1,0,0
1789392600,10013.03,9967.48,80.66,9886.82,1,0,0
1789392900,10013.03,9978.13,80.66,9897.47,1,0,0
1789393200,10013.03,9978.77,80.66,9898.11,1,0,0
1789393500,10013.03,9973.06,80.66,9892.4,1,0,0
1789393800,10013.03,9964.21,80.66,9883.55,1,0,0
1789394100,10013.03,9966.12,80.66,9885.46,1,0,0
1789394400,10013.03,9970.56,80.66,9889.9,1,0,0
1789394700,10013.03,9971.83,80.66,9891.17,1,0,0
1789395000,10013.03,9973.71,80.66,9893.05,1,0,0
1789395300,10013.03,9985.12,80.66,9904.46,1,0,0
1789395600,10013.03,9998.44,80.66,9917.78,1,0,0
1789395900,10013.03,10008.59,80.66,9927.93,1,0,0
1789396200,10013.03,10025.08,80.66,9944.42,1,0,0
1789396500,10013.03,10026.99,80.66,9946.33,1,0,0
1789396800,10013.03,10040.95,80.66,9960.29,1,0,0
1789397100,10013.03,10037.79,80.66,9957.13,1,0,0
1789397400,10013.03,10039.06,80.66,9958.4,1,0,0
1789397700,10013.03,10039.68,80.66,9959.02,1,0,0
1789398000,10013.03,10039.68,80.66,9959.02,1,0,0
1789398300,10040.32,10040.32,0.0,10040.32,0,0,0
1789398600,10040.32,10040.32,0.0,10040.32,0,0,0
1789398900,10040.32,10040.32,0.0,10040.32,0,0,0
1789399200,10040.32,10040.32,0.0,10040.32,0,0,0
1789399500,10040.32,10040.32,0.0,10040.32,0,0,0
1789399800,10040.32,10040.32,0.0,10040.32,0,0,0
1789400100,10040.32,10040.32,0.0,10040.32,0,0,0
1789400400,10040.32,10040.32,0.0,10040.32,0,0,0
1789400700,10040.32,10040.32,0.0,10040.32,0,0,0
1789401000,10040.32,10040.32,0.0,10040.32,0,0,0
1789401300,10040.32,10040.32,0.0,10040.32,0,0,0
1789401600,10040.32,10040.32,0.0,10040.32,0,0,0
1789401900,10040.32,10040.32,0.0,10040.32,0,0,0
1789402200,10040.32,10040.32,0.0,10040.32,0,0,0
1789402500,10040.32,10040.32,0.0,10040.32,0,0,0
1789402800,10040.32,10040.32,0.0,10040.32,0,0,0
1789403100,10040.32,10040.32,0.0,10040.32,0,0,0
1789403400,10040.32,10040.32,0.0,10040.32,0,0,0
1789403700,10040.32,10040.32,0.0,10040.32,0,0,0
1789404000,10040.32,10040.32,0.0,10040.32,0,0,0
1789404300,10040.32,10040.32,0.0,10040.32,0,0,0
1789404600,10040.32,10040.32,0.0,10040.32,0,0,0
1789404900,10040.32,10040.32,0.0,10040.32,0,0,0
1789405200,10040.32,10040.32,0.0,10040.32,0,0,0
1789405500,10040.32,10040.32,0.0,10040.32,0,0,0
1789405800,10040.32,10040.32,0.0,10040.32,0,0,0
1789406100,10040.32,10040.32,0.0,10040.32,0,0,0
1789406400,10040.32,10040.32,0.0,10040.32,0,0,0
1789406700,10040.32,10040.32,0.0,10040.32,0,0,0
1789407000,10040.32,10040.32,0.0,10040.32,0,0,0
1789407300,10040.32,10040.32,0.0,10040.32,0,0,0
1789407600,10040.32,10040.32,0.0,10040.32,0,0,0
1789407900,10040.32,10040.32,0.0,10040.32,0,0,0
1789408200,10040.32,10040.32,0.0,10040.32,0,0,0
1789408500,10040.32,10040.32,0.0,10040.32,0,0,0
1789408800,10040.32,10040.32,0.0,10040.32,0,0,0
1789409100,10040.32,10040.32,0.0,10040.32,0,0,0
1789409400,10040.32,10040.32,0.0,10040.32,0,0,0
1789409700,10040.32,10040.32,0.0,10040.32,0,0,0
1789410000,10040.32,10040.32,0.0,10040.32,0,0,0
1789410300,10040.32,10040.32,0.0,10040.32,0,0,0
1789410600,10040.32,10040.32,0.0,10040.32,0,0,0
1789410900,10040.32,10040.32,0.0,10040.32,0,0,0
1789411200,10040.32,10040.32,0.0,10040.32,0,0,0
1789411500,10040.32,10040.32,0.0,10040.32,0,0,0
1789411800,10040.32,10040.32,0.0,10040.32,0,0,0
1789412100,10040.32,10040.32,0.0,10040.32,0,0,0
1789412400,10040.32,10040.32,0.0,10040.32,0,0,0
1789412700,10040.32,10040.32,0.0,10040.32,0,0,0
1789413000,10040.32,10040.32,0.0,10040.32,0,0,0
1789413300,10040.32,10040.32,0.0,10040.32,0,0,0
1789413600,10040.32,10040.32,0.0,10040.32,0,0,0
1789413900,10040.32,10040.32,0.0,10040.32,0,0,0
1789414200,10040.32,10040.32,0.0,10040.32,0,0,0
1789414500,10040.32,10040.32,0.0,10040.32,0,0,0
1789414800,10040.32,10040.32,0.0,10040.32,0,0,0
1789415100,10040.32,10040.32,0.0,10040.32,0,0,0
1789415400,10040.32,10040.32,0.0,10040.32,0,0,0
1789415700,10040.32,10040.32,0.0,10040.32,0,0,0
1789416000,10040.32,10040.32,0.0,10040.32,0,0,0
1789416300,10040.32,10040.32,0.0,10040.32,0,0,0
1789416600,10040.32,10040.32,0.0,10040.32,0,0,0
1789416900,10040.32,10040.32,0.0,10040.32,0,0,0
1789417200,10040.32,10040.32,0.0,10040.32,0,0,0
1789417500,10040.32,10040.32,0.0,10040.32,0,0,0
1789417800,10040.32,10040.32,0.0,10040.32,0,0,0
1789418100,10040.32,10040.32,0.0,10040.32,0,0,0
1789418400,10040.32,10040.32,0.0,10040.32,0,0,0
1789418700,10040.32,10040.32,0.0,10040.32,0,0,0
1789419000,10040.32,10040.32,0.0,10040.32,0,0,0
1789419300,10040.32,10040.32,0.0,10040.32,0,0,0
1789419986,10040.32,10040.32,0.0,10040.32,0,0,0
1789420201,10040.32,10040.32,0.0,10040.32,0,0,0
1789420512,10040.32,10040.32,0.0,10040.32,0,0,0
1789420808,10040.32,10040.32,0.0,10040.32,0,0,0
1789421100,10040.32,10040.32,0.0,10040.32,0,0,0
1789421400,10040.32,10040.32,0.0,10040.32,0,0,0
1789421702,10040.32,10040.32,0.0,10040.32,0,0,0
1789422003,10040.32,10040.32,0.0,10040.32,0,0,0
1789422300,10040.32,10040.32,0.0,10040.32,0,0,0
1789422600,10040.32,10040.32,0.0,10040.32,0,0,0
1789422903,10040.32,10040.32,0.0,10040.32,0,0,0
1789423200,10040.32,10040.32,0.0,10040.32,0,0,0
1789423500,10040.32,10040.32,0.0,10040.32,0,0,0
1789423800,10040.32,10040.32,0.0,10040.32,0,0,0
1789424100,10040.32,10040.32,0.0,10040.32,0,0,0
1789424400,10040.32,10040.32,0.0,10040.32,0,0,0
1789424700,10040.32,10040.32,0.0,10040.32,0,0,0
1789425000,10040.32,10040.32,0.0,10040.32,0,0,0
1789425300,10040.32,10040.32,0.0,10040.32,0,0,0
1789425600,10040.32,10040.32,0.0,10040.32,0,0,0
1789425900,10040.32,10040.32,0.0,10040.32,0,0,0
1789426200,10040.32,10040.32,0.0,10040.32,0,0,0
1789426500,10040.32,10040.32,0.0,10040.32,0,0,0
1789426800,10040.32,10040.32,0.0,10040.32,0,0,0
1789427100,10040.32,10040.32,0.0,10040.32,0,0,0
1789427400,10040.32,10040.32,0.0,10040.32,0,0,0
1789427700,10040.32,10040.32,0.0,10040.32,0,0,0
1789428000,10040.32,10040.32,0.0,10040.32,0,0,0
1789428300,10040.32,10040.32,0.0,10040.32,0,0,0
1789428600,10040.32,10040.32,0.0,10040.32,0,0,0
1789428900,10040.32,10040.32,0.0,10040.32,0,0,0
1789429200,10040.32,10040.32,0.0,10040.32,0,0,0
1789429500,10040.32,10040.32,0.0,10040.32,0,0,0
1789429800,10040.32,10040.32,0.0,10040.32,0,0,0
1789430100,10040.32,10040.32,0.0,10040.32,0,0,0
